volume_weight,frictional_angle,cohesion,DJ_1,DJ_2,DJ_4,DJ_3,ZZJL,ZXZ_YL_1,ZXZ_YL_2,KWC_YL_1,KWC_YL_2,NJB_SZ_11,NJB_SZ_21,YG_A_2,YG_B_2,YG_C_2,YG_D_2,YG_E_2,YG_F_2,DX_DS_1
1.842413793,10.83793103,26.14689655,52083.09023,11.09216166,8.938210232,1.356173149,24.316292,2.631865749,2.68350059,1.966466285,2.003886621,43.79023052,92.67709324,88.81063031,60.21971224,101.0493527,160.0378849,111.2365585,79.48855233,-2.14419032
1.842451663,11.04191802,26.88046404,52122.0561,11.35898019,9.62466648,1.349096523,24.3291946,2.637598639,2.68931055,1.985415067,2.000406764,46.05057617,91.82372862,130.2343458,72.49599032,95.32001784,136.9662061,96.0392104,69.6788522,-0.711292027
1.843488012,11.28546017,27.54269142,51165.63518,11.39321109,9.29731689,1.347283401,24.087557,2.641533726,2.692838478,1.96411622,2.07192578,47.3703525,91.65392928,100.0088333,64.35321342,98.90114323,159.9272239,93.13940424,63.14927084,4.48423204
1.85723419,12.34209173,28.42251564,50268.21515,11.96071346,9.942043824,1.353333477,22.187298,2.642625945,2.694383753,1.996633972,1.988289424,47.18701127,92.68078398,90.10828502,74.25860154,97.48656215,159.5723917,84.16141132,63.19930914,7.406576853
1.858012509,12.52499653,28.91986101,51716.46802,10.57023429,9.20956084,1.348932849,27.272251,2.643667056,2.694972172,1.921070274,1.978464325,45.3916187,92.0588807,74.91232831,77.93674518,110.2838365,180.5381069,74.45059719,51.95380513,9.3681908
1.858637943,12.67197359,29.31951355,52726.40526,10.88607484,9.667338548,1.354436919,22.17322007,2.64364104,2.695057385,1.933685222,1.883817355,45.58362148,91.67196597,87.8788695,76.46750186,119.0663931,183.4724935,63.9398662,48.50273276,8.7750336
1.859263377,12.81895066,29.71916609,53218.27057,11.15071791,9.818400266,1.348257087,26.94029347,2.573432357,2.624826676,1.884581162,1.896334839,46.24549906,92.87828479,109.4067138,98.56970792,115.0680685,160.4490744,56.28340544,48.97740051,11.16238453
1.859888812,12.96592773,30.11881862,54084.76892,12.95084474,10.3961394,1.351775405,23.735657,2.548918706,2.599835369,1.844181226,1.856766143,44.75195897,94.02883913,123.8968398,104.7822177,112.2041498,141.8417657,67.049623,63.01474619,9.876510133
1.860625,13.146875,30.618125,53078.0363,13.36315234,8.828895645,1.347889699,24.545027,2.548422233,2.59958561,1.852112836,1.827967044,43.7152214,93.29142029,131.4395593,111.9781011,108.5045644,126.9085378,62.67161284,62.20432354,8.3154981
1.860986796,13.22395413,30.82043085,56632.34005,12.25388085,8.180150095,1.346542313,24.6242035,2.54864646,2.599954206,1.841431142,1.798447468,46.72356188,93.3036555,136.0806519,156.1991337,117.7908129,112.9709728,55.23616264,52.58881491,3.939813307
1.862701389,13.40199306,31.09831944,57780.43952,12.03980388,9.41110489,1.346807368,24.70338,2.547819094,2.599064655,1.823976326,1.784496529,44.752342,94.06478565,151.5146474,128.8906208,129.1593782,110.2575821,72.40088919,57.38232782,5.63959338
1.863064628,13.47924948,31.300959,56017.54236,15.24150501,10.75368824,1.348975048,23.92216353,2.542876056,2.594640459,1.900448629,1.883956815,47.74335318,84.28124528,134.2729755,88.9468852,115.7698983,146.6611271,84.32500462,71.59110727,0.546570522
1.863370396,13.55110493,31.49634468,56800.25068,17.82089852,12.1723703,1.343344299,22.52746693,2.543832409,2.59514408,1.901696767,1.898209614,46.22419749,84.96090949,103.1800732,75.50273334,130.1914257,157.7687245,105.6286996,63.40989996,-3.13689386
1.86488178,13.66500695,31.58481224,55853.3002,16.1881122,12.99376893,1.349011213,22.84535027,2.644692152,2.696523683,1.935545052,1.943869434,47.8311956,83.52396995,103.517363,65.32448232,101.4586003,167.8181493,123.4660368,78.15073356,-5.970386813
1.866182197,13.73744784,31.56798331,55643.4682,14.65907764,11.94915504,1.350074262,21.501091,2.645876257,2.69755872,2.011464108,2.039546203,49.18894854,81.95103672,80.66672725,64.0450042,85.24475641,183.6372412,139.626968,95.93155387,-4.61597122
1.851096108,12.82317712,31.49455123,54754.21634,13.53508961,9.79782266,1.343784724,21.201977,2.64498879,2.696652574,1.941325767,1.955553722,49.5910918,81.0789974,87.64508313,51.38572463,77.37589081,190.8026771,141.1956147,70.58183617,-5.322513607
1.8525,12.87035714,31.36357143,54266.09358,15.63850761,11.86625905,1.352878472,22.01369113,2.64016315,2.692362763,2.040504438,2.133928449,49.6679411,84.48345661,82.08288459,56.89622731,84.14575997,197.5370496,121.9246417,69.98356644,-2.210600227
1.853852264,12.91405083,31.23104051,52573.90197,12.76004592,11.29286978,1.346923733,23.9925448,2.639909404,2.691725406,1.954326379,1.990790619,48.9714356,92.38806687,79.82690646,49.09853715,80.33638529,195.8250675,121.2554244,61.77538706,-3.432683213
1.855337569,12.9967911,31.2118189,51114.67753,13.41816954,10.42413744,1.345825714,23.594896,2.639383294,2.691426217,1.904434513,1.825968333,46.84332985,95.59286903,85.01918756,46.25676996,84.26211266,187.0981458,110.6065975,60.96459559,-0.686322338
1.8549722,12.91092931,30.9783479,56525.82803,15.1404247,10.88762691,1.351373149,21.9702918,2.638717147,2.690642208,2.027431312,2.017507247,48.68264544,95.37325404,86.73827843,71.52801353,105.9153885,204.7535816,98.84268082,49.18392371,1.165106488
1.855802862,12.83139905,30.51015898,51579.47698,14.71204081,9.223755607,1.339327901,21.008432,2.637827205,2.689782736,1.973417042,1.966205858,47.94754123,96.3163687,68.51832555,68.17375752,106.5542158,214.8168018,57.49844238,48.31714217,3.239520933
1.856838761,12.79274821,30.14638602,52844.96439,14.71225154,9.298334181,1.350443566,22.099321,2.635662347,2.688230646,1.987648658,1.974617481,49.41543119,96.83907985,60.84598694,74.65694116,125.7755835,223.6129857,42.12038895,42.94825583,3.90702748
1.856123908,12.62475774,29.68959492,52395.0437,16.42872384,9.087011985,1.352442684,23.50809473,2.641133604,2.693301769,1.948564498,1.942989473,45.9589783,95.71649099,63.96414313,85.64473454,125.6232877,203.4376806,44.63967285,43.03251532,0.949754032
1.856528991,12.45364575,28.9801112,54242.81108,14.88175383,9.936173949,1.35617286,23.8341886,2.641131379,2.69376786,1.956955415,1.909706127,47.11549425,93.68854672,89.83420559,97.83061046,112.9605885,194.9634125,50.83703142,45.00544091,-0.462626439
1.85694996,12.28626688,28.2807784,51825.36149,15.3496795,9.475511257,1.348321981,24.386671,2.640158112,2.692940504,1.978556308,1.979526977,45.09651721,96.46555561,85.28511562,92.23786011,97.05907005,178.7406577,67.67962277,51.60708281,-1.458025416
1.857355044,12.11515488,27.57129468,51406.18707,16.42006859,9.76969082,1.346034613,25.811865,2.639989848,2.692359399,1.953227741,1.98029638,42.96192235,96.84283024,92.94205246,90.33349423,91.76173368,156.3886469,85.1752336,69.87313145,-4.335583007
1.856290707,11.86503574,26.89118348,51490.48596,15.84856912,10.35461655,1.344730128,25.178448,2.640503884,2.693110102,1.931983181,1.972492792,43.9021676,93.91352967,102.7658693,97.64365305,96.53125607,140.7295468,81.45578719,73.52501817,-7.7315219
1.856785714,11.70035714,26.18571429,53717.85116,15.4170564,9.128590805,1.359114723,22.71397327,2.641937678,2.694095713,1.898513612,1.946280333,49.31302788,97.64157177,100.1920118,105.1833064,120.3382017,130.0323561,83.67329358,83.89609275,-6.74626956
1.857251787,11.53406672,25.48061954,55674.31824,16.48527674,10.38774094,1.34518142,22.152105,2.64228849,2.694398728,1.898590724,1.955012209,49.15058024,97.74850615,79.83457962,104.5995321,122.9183246,157.674183,89.07106491,88.55981637,-7.51374964
1.85802224,11.44881652,25.00460683,55684.85635,16.97283446,10.28369003,1.339078765,22.06413,2.640094927,2.692596631,1.915543102,1.975200666,50.87359101,98.31081271,86.85345568,101.7486813,119.2703173,158.4854617,89.71235474,83.37466391,-9.6419782
1.85802224,11.44881652,25.00460683,56682.16817,14.40324269,9.510076229,1.361902879,22.116917,2.640201706,2.692469182,1.942903392,2.022102979,49.75836477,98.18081859,82.7803269,92.06792781,129.206695,159.6238047,101.3422306,84.25830596,-9.045694867
1.859682288,11.57262113,25.09704527,57179.90217,14.49156886,11.06091784,1.352703316,21.532763,2.637581072,2.689968872,1.939262906,2.019853862,44.35105811,97.7022319,94.36797953,102.5358598,113.4218904,165.6459793,97.40002069,74.39004792,-11.0955847
1.861428571,11.70285714,25.19428571,57236.41626,15.66015245,12.75279482,1.352430607,25.05528,2.639979859,2.692070809,2.025183699,2.04781556,55.32121009,70.55812243,88.53391614,90.52674682,102.8739198,189.3070419,100.3392597,83.56897459,-12.19006573
1.861428571,11.70285714,25.19428571,56270.736,15.40544576,12.85122022,1.348835333,22.46998927,2.637397351,2.689635309,2.005611767,2.031486038,53.85090901,70.53274727,93.20823132,63.1267954,105.5576652,188.8794765,114.128187,66.00502445,-15.26561697
1.861428571,11.70285714,25.19428571,52325.34894,11.44806648,10.36371975,1.359258266,26.515667,2.640087342,2.691790871,1.921795054,2.01150296,55.58294779,83.35983191,86.71604154,50.76641835,87.38878707,176.9503344,119.6980831,98.68102954,-20.9240296
1.855234899,11.2409396,24.84939597,55769.68263,9.065835443,9.545038511,1.354106295,26.73736393,2.642708878,2.693683632,1.942516667,1.993822607,54.44648766,91.21382083,94.63118254,64.92872108,80.72873796,189.1370221,128.8691163,85.29060935,-20.30925807
1.854165961,11.16121931,24.78987299,54070.61147,8.517146627,8.859285404,1.354446748,23.823631,2.642799018,2.694120387,1.966432114,2.006012974,53.24404884,70.71858586,78.79899378,68.2873514,68.4661619,196.6642759,126.768608,79.64733592,-14.84103733
1.854165961,11.16121931,24.78987299,54950.83886,11.21481854,8.867145793,1.350327013,24.58608147,2.669570871,2.720451373,1.900744399,1.932882657,51.4984331,77.82673225,75.83169516,56.78814497,107.9180536,187.1847022,120.7267585,65.64974331,-12.68838483
1.854165961,11.16121931,24.78987299,57031.21898,16.83772385,9.735498926,1.35207434,25.34853193,2.709316642,2.760058242,2.005616808,1.988263825,53.20919753,72.47117853,79.03192612,58.87549434,139.7282221,171.2085681,122.6013976,47.2594718,-9.614107667
1.854165961,11.16121931,24.78987299,55140.80607,14.91175081,9.882496315,1.350578612,22.7796618,2.703045071,2.754122655,1.965176094,1.955091117,53.82331757,74.11255924,85.02033607,69.17425045,131.6275229,152.5479975,115.8674244,44.69271546,-10.41041787
1.854165961,11.16121931,24.78987299,52795.41422,15.09643473,10.37323399,1.358037075,21.09640627,2.700247213,2.751890693,1.954950628,1.946796076,48.37249839,72.31060706,79.58393103,88.83653227,96.39617071,166.710206,94.96566764,80.40955861,-5.91131374
1.853076923,11.08,24.72923077,53912.19524,14.99260987,10.99028428,1.347177005,25.882246,2.698281455,2.749662734,2.00282618,1.993872153,52.2348101,71.377073,83.48140804,89.79402322,102.0494916,174.092323,89.99106513,70.26390131,-5.579223413
1.853076923,11.08,24.72923077,53604.26766,15.13613459,11.82031763,1.346241898,20.844211,2.696278082,2.747977197,1.997427572,1.992274664,51.03797646,71.18831209,103.1290249,98.45169632,96.93721062,154.4931716,86.85680251,73.37522058,-4.0736359
1.853076923,11.08,24.72923077,53934.08689,12.89257753,10.44220778,1.346481832,20.814886,2.698525554,2.749792274,1.916077659,1.912249558,44.38153954,95.15837983,133.6300256,98.61020649,104.0412345,126.7173869,85.85420376,77.69369921,-4.144047627
1.853076923,11.08,24.72923077,55855.27451,16.44917074,12.11992482,1.347680127,20.1814664,2.698866495,2.750152684,2.015987051,2.01273317,50.26901512,74.74649769,130.5476394,100.7978473,112.4169348,129.269913,94.31864023,74.33541578,-3.322003453
1.851865285,10.98963731,24.66176166,57273.48526,16.20283962,13.10984794,1.356364389,21.14919,2.697715477,2.749302725,2.055615549,2.05711089,51.99965489,74.94952073,117.0778755,103.9234923,121.4154156,147.5473454,90.00526743,60.53570123,-5.46051028
1.851865285,10.98963731,24.66176166,53465.5702,15.09144941,10.90631164,1.35026296,22.979073,2.695559088,2.747409646,1.992894389,1.994832543,50.98901163,73.35607368,99.35080088,89.07873986,121.2743592,140.9868748,88.51100162,58.71667309,-9.514042233
1.875,12.715,25.95,54318.15366,13.5133072,9.895721081,1.344863964,21.1796892,2.692984405,2.744569558,1.993251611,1.993934685,50.8487066,67.80925982,65.42741548,81.84199275,113.3743613,187.8624717,93.29053645,48.94773129,-10.887935
1.879423211,13.04487839,26.19630299,52052.49862,15.00466842,9.64236705,1.336543375,20.199062,2.691011858,2.742875266,1.961820997,1.954753445,54.38550227,69.23676698,53.54765348,79.05043956,110.064894,179.4770739,93.12278297,68.60188333,-11.5321318
1.858502994,11.48467066,25.03137725,55384.91846,14.76620363,11.90327992,1.346494162,23.067047,2.694375948,2.745920646,1.992468621,1.983326821,55.2139498,66.55013057,47.77647408,73.63249001,109.805505,210.812592,105.6241486,60.41765388,-9.887714733
1.865534645,12.16403764,24.83021386,51974.61433,16.98182464,10.85951311,1.354904913,23.577303,2.697678364,2.748730779,1.976902524,1.96936042,53.90535675,75.59123286,46.50834786,54.95214983,105.3039407,209.4433002,98.99150018,50.38246459,-11.93646517
1.873387511,12.98917023,24.3514799,53421.68091,16.58243569,12.28410121,1.349738998,21.272356,2.696502065,2.747811055,1.944559494,1.936513401,53.90611149,75.789774,50.36666784,46.19303165,110.3166874,217.1083523,106.4690868,44.02313914,-10.0205134
1.878615385,13.5405812,24.02475214,52335.69176,16.25008629,10.05574846,1.349135774,22.504005,2.700352689,2.751566027,1.963661582,1.955292007,52.94757967,75.17656664,71.0231035,47.85987608,102.8400956,194.8510457,107.5450855,43.04887423,-10.05976707
1.901974965,15.36805285,24.99908206,55958.67201,16.46357903,10.90116333,1.349728694,16.380947,2.702693357,2.753468965,1.938651606,1.956594417,53.44401361,74.80971169,56.79732538,53.51580947,118.2913979,222.5446943,105.3918965,45.62899961,-5.920217487
1.910903405,16.48550382,23.76892286,55388.90046,16.97035415,9.836144054,1.352522822,23.647682,2.703821818,2.754467408,1.900358615,1.939278297,54.8592853,75.36085971,67.52438244,61.42900592,124.156609,207.1000124,92.31115021,51.56002341,-6.161543887
1.917435719,17.19174427,23.47770674,54919.79576,17.49629593,11.31066802,1.358686266,21.91867867,2.705755729,2.75632633,1.913571278,1.952566275,52.19070005,75.03062911,84.64503453,80.55242513,121.3872333,177.1603458,86.43627076,62.65575732,-2.23868014
1.917164698,17.03890896,24.90151494,55533.57267,16.99773476,10.87709203,1.340768476,22.310463,2.706161308,2.756655966,1.891219025,1.937663199,53.81944155,76.18655712,112.2800983,108.7143352,115.9449208,155.8693344,69.02286192,61.9039446,-4.877363247
1.917861111,17.21702778,25.40444444,58123.80427,13.76639978,9.389658783,1.349005666,24.105152,2.709247634,2.759216955,1.893198933,1.939702596,50.54569039,89.94890045,141.2682507,96.35626586,111.5105326,145.6198154,96.09085796,84.89014035,-0.839171574
1.919854065,17.40275191,25.17534399,56264.85905,16.12962199,10.10958939,1.35259409,25.987816,2.710551126,2.760955048,1.866757316,1.915456121,52.74071991,75.50073546,143.6195133,110.3177163,103.9193445,132.1457949,83.24490864,81.62958359,-5.667406247
1.919854065,17.40275191,25.17534399,55448.29729,14.95669663,9.264672128,1.348087785,24.09107527,2.710396711,2.760959752,1.875638009,1.905345513,55.60385302,74.62313891,127.0031437,111.7291212,103.6281785,142.9263717,76.82280801,79.9958378,-4.003674273
1.921765115,17.58369006,24.95182766,58536.85937,16.34310448,9.953158064,1.347252484,26.902756,2.70535794,2.755917956,1.93827559,1.916782028,57.01769201,74.95164617,69.8463939,97.35772345,125.6946792,201.9343394,88.48907139,57.33897516,-2.359757607
1.923015983,17.8776442,25.75113273,58436.92863,17.86851206,12.31049632,1.362412308,27.09982093,2.702273328,2.753372661,1.965886851,1.921524752,54.54887904,77.28395773,55.07393289,105.3029683,121.2120704,228.1359866,70.06060086,53.97379874,-1.7352273
1.910222222,17.54074074,23.73390741,63362.96655,12.39295867,8.943499212,1.34579601,22.468817,2.732816402,2.782980408,1.911673389,1.873432452,55.49796929,68.22802163,65.12557007,110.6301047,133.6761285,206.4586128,113.0029653,66.54223384,-1.090443625
1.912279889,17.69623726,23.84461538,64879.65665,12.51758835,9.810574297,1.345595196,23.155022,2.754180912,2.804208556,1.934321138,1.937675939,61.09716344,72.35770225,63.33574254,68.99770596,140.0003472,239.1450682,132.8668433,58.58742697,-1.575612623
1.912279889,17.69623726,23.84461538,62521.60562,13.63989306,10.7572744,1.351073257,26.286932,2.751567685,2.801696266,1.964971608,1.965145048,58.26739897,68.72824894,54.60602655,73.51458822,119.115981,258.3559852,112.1037472,74.97118119,-1.613534573
1.912279889,17.69623726,23.84461538,61584.36669,13.9512755,11.59579136,1.347693249,25.9983748,2.749471464,2.799649267,2.010249011,1.990986039,55.01953873,70.69813993,55.69022249,77.64861107,114.0973515,263.1801379,98.62219124,70.97977441,-1.77233742
1.912279889,17.69623726,23.84461538,61869.95783,13.55863067,11.35250731,1.343374719,26.638832,2.751064082,2.801172708,2.057027201,2.024331795,55.96100655,73.1715788,66.4184164,74.51399208,106.7075625,275.7105949,90.91202763,69.15376349,0.015443363
1.911953704,17.63719444,23.7115,61908.19021,11.57759227,10.93357486,1.350725231,26.1133272,2.751473089,2.801465532,2.129691251,2.07349085,59.51069186,70.53157191,48.30995405,55.07499383,100.744941,310.0181577,99.40248322,43.47243621,0.649392559
1.911953704,17.63719444,23.7115,66138.89245,12.03040358,8.372366372,1.349053651,25.69339347,2.75840159,2.808019925,2.016891457,2.030950576,56.57731273,65.80008556,58.47584162,62.50365075,114.3400925,333.0545972,88.45326283,45.96769248,-1.660241361
1.913685185,17.73364815,23.68909259,66338.09679,13.77746336,10.23993929,1.350592004,25.970222,2.754110699,2.803848507,1.978757104,1.987625408,65.39359357,69.94490763,72.47875057,73.25501729,116.5519572,304.6238905,94.53548282,47.63940538,-1.729508617
1.913586654,17.692595,23.5497683,67036.73575,13.19360006,10.26038055,1.345682346,26.498072,2.780601568,2.831018609,2.142356544,2.084580099,55.63010191,69.99694879,57.59356855,70.93787902,117.5244828,340.8462917,77.54282937,56.27061828,0.354257219
1.913586654,17.692595,23.5497683,68493.88224,13.22728476,11.9052538,1.351512243,25.002497,2.778244594,2.828934497,2.189188835,2.109398895,55.24466939,69.85131442,60.99815826,68.54968377,99.68692655,355.5056181,93.56328716,67.93078007,0.536233044
1.910705009,17.38797774,23.73567718,64777.57347,13.95259563,11.38417625,1.36877175,24.49341493,2.779447825,2.830335438,2.211460769,2.135205205,57.11717104,69.70356128,62.34768695,57.27530722,71.71442779,345.0579346,103.2500181,92.38095263,-5.06590306
1.905505097,16.89882298,24.34085264,70015.69064,13.62025417,11.27030041,1.351484211,26.83941433,2.77772469,2.828858854,2.153519506,2.123236255,61.25977597,69.32453542,79.37009397,69.35833278,107.7642036,319.7355186,120.8517858,67.54265332,-2.558906833
1.897627433,16.15296571,25.26222428,67345.77014,13.0456682,9.256392363,1.353115361,28.468712,2.774113223,2.825291851,2.152457458,2.109775242,63.07783992,70.02252514,89.37944162,69.40829984,116.9575507,278.6743829,119.9663113,51.38451773,-3.906670607
1.891436515,15.46451344,26.02884152,66897.03661,13.23641816,9.734388419,1.349100233,26.4100968,2.772549378,2.823534502,2.107012405,2.09320528,60.32769049,70.17648781,82.75030655,73.30317189,106.5227202,305.8572472,102.4493482,29.12961026,8.895647667
1.886339203,14.98189991,26.62502317,64478.6389,15.64183585,11.25309572,1.347447447,26.023006,2.773913328,2.824953537,2.116550834,2.10640786,60.63648342,75.56005977,73.62714146,74.9453522,126.7924117,277.812985,90.17849502,45.4245509,8.5374783
1.880712963,14.42128704,27.11203704,65448.66109,15.78888249,10.34144921,1.353129693,24.932116,2.777312252,2.827448689,2.057642849,2.064590597,59.85191219,73.82293773,61.17467186,66.25690411,126.0871346,310.8983927,86.84649328,38.89581144,7.481399093
1.873074074,13.69803704,28.00548148,65002.75782,13.4425551,9.008271713,1.351552656,25.18431167,2.778753248,2.829032622,2.053943286,2.028526868,61.67149161,69.4977529,79.80240914,68.27897761,126.9364681,292.8944037,82.10980988,45.78628918,7.141188267
1.86775,13.1939537,28.62818519,65176.13575,15.6680043,10.67684335,1.34502366,26.74205593,2.775989937,2.826283429,2.101483581,2.090488506,60.08373623,68.83807653,96.47342783,72.08619297,122.2102131,259.4300613,104.645232,47.86501979,8.866226267
1.865,12.905,28.79583333,64400.94006,14.60130934,9.798407128,1.348975037,27.096302,2.778089259,2.828700661,2.077987958,2.092891518,62.27610808,69.78238306,95.92843619,73.83097995,126.0927056,262.0188093,87.11724826,69.78564187,2.1087199
1.866589435,12.95601483,28.63881372,65666.81634,15.92339101,11.96721564,1.349136414,23.73448367,2.778886241,2.82958718,2.080817307,2.103665883,58.1949194,75.16136977,125.1964722,83.64052488,126.7966911,234.2385296,93.98769361,63.53234541,3.62517902
1.866101852,12.85349074,28.37109259,65555.06777,14.88907319,10.89072595,1.349104824,21.91046867,2.779477954,2.830024163,2.107971549,2.138636945,59.80018731,77.22037683,185.573393,70.29659804,106.3936151,227.3000529,86.47975518,50.85840032,1.491231779
1.865755329,12.76,28.1058202,61867.05812,15.0469255,11.4936803,1.351094092,21.77674593,2.77717032,2.827555804,2.101375257,2.111558764,61.4073931,76.88542809,225.4519449,90.97439967,80.26600891,179.0531483,68.88096398,85.26099816,3.108468367
1.865347544,12.66417053,27.8452456,66013.53916,15.23613155,12.16982648,1.348915584,27.3484968,2.777174319,2.827913952,2.14623647,2.163630264,59.45146294,72.36775069,236.5087524,102.9016819,88.07978428,183.6713928,78.68058627,60.02988294,-0.694667885
1.865064815,12.60978704,27.70842593,67349.53424,14.27021914,9.983622948,1.345530614,27.066977,2.777747975,2.828623833,2.08783714,2.109779127,57.81557873,69.58498186,260.8072651,74.25215269,115.9902518,143.9139174,113.6094288,52.04650593,-0.89516007
1.864717331,12.51607044,27.44253939,62903.74699,14.02872868,10.88479088,1.381125256,27.025923,2.778528121,2.828915411,2.085690834,2.112702322,61.76804389,70.10849172,213.0471128,97.14500548,123.3339554,122.7006842,95.78648216,84.78732752,-0.502026231
1.866024096,12.51242817,27.14769231,62367.53261,14.21399402,11.41377417,1.379895197,25.77198353,2.778619265,2.828866227,2.107977399,2.104809668,58.85757927,74.4512661,201.3914157,96.08830586,123.0565315,115.7654037,109.6994899,69.76505121,-0.453571508
1.865616311,12.4165987,26.8871177,61091.92441,15.27427233,11.8085177,1.381939576,25.020092,2.777768415,2.828387822,2.11738854,2.106343226,59.87443278,76.10075558,200.5520542,68.87963682,126.1414345,129.6046266,108.1619087,69.16920515,-2.065604223
1.865189991,12.31641335,26.6146988,57387.58161,13.92251304,10.72488027,1.383101026,27.43999067,2.778225645,2.828838487,2.060250921,2.088585321,58.74684349,76.98550742,145.2544094,84.17413381,89.93810638,156.9013609,108.1276572,83.7277731,-0.090348385
1.864782206,12.22058387,26.35412419,57931.16016,13.34094235,11.62778808,1.34242058,27.24175334,2.784335046,2.834077854,2.066114893,2.042273511,58.40851719,74.56099707,85.61152247,83.16812973,101.9034099,198.773981,108.1497777,86.45326818,-0.049008797
1.864578313,12.17266914,26.22383689,58625.32407,14.18394556,11.83900795,1.344664814,27.043516,2.781910032,2.832273689,2.055026765,2.036763943,53.27736366,71.94804612,61.56430833,78.26368174,113.7648502,218.8078969,108.2587129,76.5194624,-0.07753448
1.864355885,12.12039852,26.08170528,57815.26207,14.86973627,11.59770816,1.352377899,26.013622,2.779693525,2.830112396,2.05080379,2.030309376,54.74957954,72.82435747,47.44032693,65.06651528,111.8745641,243.4531306,104.2050056,55.02285492,-0.863369052
1.8639481,12.02456905,25.82113068,62010.61325,15.30975361,11.01542812,1.372717117,29.93026967,2.781583073,2.831827163,2.074677602,2.054072298,59.93915974,74.64388577,47.59374154,64.56122535,123.7802494,268.382697,109.3698631,50.46056466,-1.366233593
1.862011121,11.88011121,25.71327155,62227.80063,17.22605021,11.33088321,1.382833377,26.95788753,2.784235949,2.833928424,2.042350985,2.006127437,59.60608128,76.51853556,38.3630731,49.06192908,132.4328103,296.0443048,99.82864404,33.58190723,-0.098144237
1.861731481,11.8264537,25.57842593,61657.57845,14.12102554,10.51419068,1.349459734,25.63005207,2.780878536,2.831394859,2.03407206,1.992956585,54.61546828,71.49408721,36.64703698,44.51398964,117.5128953,317.9668624,93.01667461,35.50871391,-0.59943989
1.861584801,11.77992586,25.44085264,62829.17805,15.16947641,9.941961933,1.347572332,27.043516,2.780517834,2.830949672,2.026137074,1.981991201,51.43798706,71.79041244,61.99678698,58.42129882,105.2944414,307.7749983,91.5026381,45.72888626,-1.920386347
1.861380908,11.73201112,25.31056534,62476.46853,15.21168837,11.41165628,1.347955253,26.5485116,2.778728968,2.828554148,2.043230459,2.056368612,52.51724846,73.12653263,39.4409753,46.53940641,113.9968224,298.7796449,117.1749326,57.7080349,-3.283771033
1.861177016,11.68409639,25.18027804,62181.72043,13.82231853,11.18168156,1.357206921,26.0710998,2.780134111,2.830505795,2.070114354,2.148546697,56.07536758,74.74901834,48.17250295,40.58757546,100.9157487,309.3014856,114.8503407,67.23892387,-6.78707022
1.859166667,11.53416667,25.06833333,64512.66139,15.959392,12.0543148,1.380724012,24.43711053,2.777526375,2.828051392,2.08557186,2.211122893,57.69324237,74.48552555,43.03720189,43.8738301,111.5051627,322.5071903,116.1921744,53.35035346,-9.3421976
1.861686747,11.99574606,24.73477294,64509.6181,14.54477691,13.51926326,1.387291311,23.7954798,2.7752443,2.825707916,2.086992526,2.249539462,60.51202125,76.19194444,42.60567712,43.02550683,101.0029563,338.3175104,111.7095584,56.9168495,-10.88654833
1.865468026,12.70063948,24.21295644,65169.20372,14.4843739,12.53639151,1.385871338,21.65006233,2.773009728,2.823702141,2.11003423,2.284816117,55.69515006,71.97761705,54.69680478,44.2273738,84.88355419,325.373828,135.7728552,62.11549024,-12.1386268
1.869166667,13.39833333,23.68833333,62771.41275,14.68177466,12.29944168,1.386055711,22.11691693,2.85817214,2.909217155,2.312669314,2.408766001,53.78659277,72.99611036,81.31210283,49.40590762,88.90361757,278.3058815,127.2318853,81.26399325,-10.4448996
1.872140871,14.18088971,22.88283596,61171.66154,11.35550486,9.55761582,1.371647837,28.9953892,2.858287198,2.909605164,2.167497614,2.273029952,59.37435891,75.09345579,105.448422,73.68411612,85.97182028,238.2538802,110.4728158,82.65291601,-9.608963467
1.87592215,14.88578313,22.36101946,61660.3806,13.31866104,11.88905968,1.377166119,25.92564787,2.858104594,2.909610907,2.17764233,2.39379716,60.05362473,75.5795495,113.2373189,83.27269199,106.4826154,213.8093889,103.1032826,85.11848835,-12.4473451
1.879684601,15.57916512,21.85565863,59472.8875,13.52796309,12.27222721,1.374321464,27.078707,2.860084146,2.91127128,2.236530883,2.444438901,62.05996431,76.10130743,164.7201608,89.24567516,97.18579505,166.1785031,91.33420299,86.17365539,-8.245657733
1.880926784,15.81873031,21.67037998,62435.27126,11.99011138,11.33373843,1.381396435,31.550184,2.862676961,2.913679535,2.164563329,2.381730125,62.7242413,73.98653462,182.6909214,96.15102356,100.662756,165.6795829,95.34987642,93.37930313,-4.553955553
1.880926784,15.81873031,21.67037998,62841.27207,13.62294656,13.36672923,1.378864354,26.38429087,2.857650111,2.908833024,2.203552989,2.415371845,63.26720794,71.45878312,153.7219591,97.10358931,116.65443,170.3831228,102.3837115,79.97792097,-3.577681467
1.881436515,16.13037998,21.22487488,66533.39044,15.28412497,16.6065742,1.364018651,26.797188,2.856722934,2.907784126,2.292038751,2.56794561,60.93638121,77.35870742,150.8135855,105.4594683,119.8407668,200.6999726,98.61804877,84.25491509,-0.770104115
1.88265987,16.35843373,21.0560519,69176.35064,14.36809081,16.10326626,1.379456872,25.5573252,2.855381852,2.906392929,2.272841693,2.536324369,63.22405391,78.82656466,144.0763729,107.7378561,131.1420365,225.1380772,92.34502179,79.81891964,-0.37605525
1.88265987,16.35843373,21.0560519,70465.79656,15.40203063,17.33987898,1.378403628,25.618322,2.852234676,2.90386097,2.303611798,2.516960908,62.06057474,80.0758286,142.2447047,110.4659068,126.8762893,236.8149573,97.62513037,66.52631493,2.866017953
1.883994439,16.60721965,20.87188137,70428.46432,13.07987393,13.77113355,1.382008837,27.081053,2.851450796,2.902583809,2.198892259,2.365601867,65.47152373,76.43055533,119.6774128,122.9599733,130.3213222,244.5054015,90.62719799,76.23589905,0.810308959
1.884504171,16.91886932,20.42637627,68650.04527,12.04283455,12.05294843,1.282494225,26.45115107,2.853416225,2.90433651,2.221297696,2.206758417,67.92763784,72.74614644,110.7820465,116.5758393,131.3238555,244.5381398,86.13544176,72.47509031,-2.358827853
1.884504171,16.91886932,20.42637627,68723.20081,13.69129128,13.84957473,1.163084683,26.761995,2.856169785,2.906669504,2.298692407,2.284233845,66.5178706,71.96705118,122.1946307,96.02601221,127.2120678,244.2895724,101.1524982,87.20922464,-30.4774326
1.885727525,17.14692308,20.25755329,70401.61069,13.37303579,14.53245842,1.18548362,26.614199,2.855410837,2.906440239,2.323573144,2.272929853,65.56009834,79.4229542,124.9042543,83.40066595,111.5751949,261.8556293,125.569478,93.77711731,-26.0377416
1.885727525,17.14692308,20.25755329,70857.35935,14.47955601,17.40366173,1.164697765,27.043516,2.856763022,2.907571044,2.310324039,2.238835819,65.28577038,80.31801245,129.0529003,72.53503097,87.78223547,285.7268082,134.7227954,121.3728194,-19.14386627
1.885727525,17.14692308,20.25755329,69748.0647,13.06220807,15.25639548,1.166511997,25.653511,2.856528618,2.907182058,2.234164213,2.165672545,66.78209716,77.84115048,108.9577834,72.11870643,90.03715991,294.1734734,131.2447042,104.7089866,-18.80949993
1.884504171,16.91886932,20.42637627,68898.75656,11.34103004,14.09537054,1.161788376,21.71105847,2.858578788,2.909023412,2.227520017,2.165736163,70.49981598,73.90924846,102.2931541,77.53955322,94.11523209,288.4672139,125.3675251,95.86720354,-14.152929
1.883280816,16.69081557,20.59519926,67652.68792,12.35525848,12.68205354,1.162078209,24.60133027,2.854076093,2.905110209,2.187489288,2.18864629,69.01309388,74.00862439,109.515806,80.62075096,112.0383965,244.6662659,129.9324,97.64968804,-7.173708027
1.88125,16.53625,20.4875,73854.40173,17.45249911,9.9237978,1.100340461,27.49160207,2.860419964,2.911347892,2.190918215,2.178730638,67.38977932,76.38089525,129.6509166,92.38473105,125.0412927,254.3095009,139.8436932,102.2252496,-9.208915533
1.88125,16.53625,20.4875,71780.2503,15.6762858,11.94356775,1.099210498,22.8963745,2.857079727,2.908514232,2.191661764,2.183970268,62.75241184,73.99595722,147.688371,107.3333875,127.4666796,226.8773767,115.7837735,94.0817033,-4.117015293
1.880027778,16.30840741,20.65616667,67274.06143,10.90119048,9.033467314,1.100071807,18.30114693,2.857516054,2.909035807,2.157211495,2.148123631,56.56515591,72.52539077,129.4795663,102.2841287,127.6976663,238.0528498,82.41060159,74.46921115,-2.488063447
1.878785913,16.06951807,20.84033364,66388.81248,10.66871641,9.400998569,1.101277917,19.723995,2.858531975,2.909960377,2.161788579,2.15083841,54.7712838,71.87676369,134.0941927,127.1117341,118.8303987,209.8836872,82.22100296,69.37899196,0.689950919
1.877562558,15.84146432,21.00915663,64732.55644,13.48672101,13.75865138,1.100587516,23.9491428,2.859279163,2.91049526,2.245435857,2.232710389,55.98713735,76.5018476,134.6957502,124.1512312,110.7064141,207.5650186,78.77139926,69.46489108,7.174511327
1.877562558,15.84146432,21.00915663,62869.43307,13.62145179,11.34646402,1.100257168,22.87115587,2.858068913,2.909871448,2.239061988,2.228014385,56.56429154,75.45432701,132.6028417,120.2586567,107.521207,211.3101233,66.29295319,61.3805049,10.281963
1.866578141,15.17129724,20.13938713,64228.59479,13.11101939,11.86987957,1.098840944,21.18203513,2.859804242,2.910900271,2.213959065,2.19510053,52.15427546,69.48731072,136.6542271,124.5732955,125.0816848,208.1736159,58.24235779,56.00817505,6.50545398
1.866578141,15.17129724,20.13938713,62620.30443,12.89664007,12.20510347,1.102277266,21.4107698,2.862233859,2.913126998,2.294129053,2.268986942,52.52351038,69.35446056,141.5613699,133.5263294,98.36585581,200.1886835,62.2845365,76.76344245,9.2102102
1.87625,15.60416667,21.1775,62407.38592,14.19998462,11.18654328,1.10119823,24.38432573,2.86575544,2.915755923,2.22561587,2.212311385,53.20557279,71.32964377,145.6864856,133.832622,119.0350286,177.331406,61.11501938,52.08756506,5.602936567
1.87625,15.60416667,21.1775,63935.30818,13.14621098,12.05992673,1.100547661,25.31803293,2.867045608,2.917367545,2.205746022,2.185961617,56.2531904,76.35952014,156.7033551,140.9229705,137.8694368,169.6913316,49.15654894,52.0191152,2.4012144
1.87625,15.60416667,21.1775,62742.8208,13.35808106,10.8170566,1.098441157,27.958458,2.86792261,2.9183083,2.227403981,2.184189085,58.33803457,75.86505016,167.1096896,133.3890147,129.9893046,162.3659824,51.80279647,51.49103791,-0.142782841
1.872557924,14.90851715,21.69979611,61358.12813,13.55230489,12.66965169,1.10230418,24.439457,2.870178445,2.920576242,2.173018964,2.145404979,54.13959805,75.71304145,139.7740775,121.7610019,114.3147414,181.5359169,67.33245148,60.26540859,0.304769916
1.865440222,13.81797961,22.27277108,61568.16959,12.53538766,13.29145551,1.17016811,25.40718,2.870252147,2.920324835,2.245546146,2.220508085,53.28392214,73.30787939,142.2702779,110.7024622,105.854126,187.9825708,79.87295492,65.71858486,0.866113979
1.860435589,12.88503244,22.96341057,61709.12337,13.43704071,13.42066653,1.200340638,21.536282,2.869925665,2.920165879,2.234206095,2.238020239,64.57720729,72.01762946,148.0237262,106.6845573,98.49271005,195.9714427,81.21937746,53.59844891,-1.494337056
1.8542076,11.72403151,23.82287303,59547.90196,13.65482428,13.72017066,1.19873906,24.017178,2.870794824,2.920831412,2.260908889,2.254222487,62.90357173,74.4020515,144.6365744,99.92785427,96.69744975,177.3421635,87.52985251,78.00368242,-2.522765447
1.849202966,10.79108434,24.51351251,59293.4603,14.85996346,13.87481625,1.199674671,24.140343,2.87374785,2.923342555,2.216011179,2.211069308,61.89037727,77.98785782,150.4141381,85.7705136,109.4447531,167.7807003,91.74272387,74.67413954,-2.90401616
1.849202966,10.79108434,24.51351251,58697.0287,14.17552693,13.80533906,1.204238517,26.181362,2.872463998,2.922538337,2.219187287,2.180592104,62.49068971,79.62947194,152.0542655,84.07618422,103.6002771,162.007261,97.0670062,82.58869538,-1.638458713
1.849202966,10.79108434,24.51351251,60247.12722,13.09559284,12.84496337,1.198864932,24.228317,2.871869825,2.922048521,2.216969919,2.230259996,63.23420189,78.50797644,148.1338529,86.29765455,110.4887036,167.3424766,101.7741599,74.70780661,-3.426371867
1.835211996,9.747652534,23.7344364,59636.75827,12.87103341,11.13460747,1.197051228,24.105152,2.873209642,2.923474641,2.20314377,2.285711297,59.03257769,73.45388143,141.4750138,83.14030489,95.24777495,181.3280931,107.59727,54.23787411,-5.268070693
1.833661088,9.631987448,23.64807531,56753.01457,12.80437706,11.14284041,1.200623869,24.034771,2.872019928,2.9221577,2.153507774,2.171217474,62.35615987,72.49665128,141.8873167,90.13088926,90.07457154,163.8572118,92.57783061,73.85471495,-7.004642433
1.833661088,9.631987448,23.64807531,53875.76599,12.82351069,10.77232362,1.203787872,22.081726,2.869870511,2.919890882,2.165522872,2.210650454,62.02337668,74.3571371,142.11251,78.94426623,72.25866517,158.8870609,96.0615257,94.27526267,-3.47047534
1.832074074,9.51362963,23.5597037,55841.63425,14.95517141,9.43537997,1.197957626,22.69520607,2.869028422,2.918822641,2.15317423,2.236248297,63.6749819,77.07638475,145.2352922,82.7003162,84.18397878,169.5760403,88.18404598,77.4503149,-5.137587033
1.832074074,9.51362963,23.5597037,57759.7835,15.13539452,11.09079833,1.200425498,27.81769667,2.870024017,2.919794815,2.148678845,2.216236049,61.77275672,78.3881316,145.5036344,80.45971654,87.53240776,183.592932,92.97614904,63.74579485,-2.76901132
1.832074074,9.51362963,23.5597037,55546.36622,14.42861278,8.758204306,1.199076336,26.10277087,2.868835755,2.918824578,2.127394131,2.22198667,61.71607064,77.4182143,144.8472543,68.68455837,90.38662962,175.1166914,90.26231882,53.42598798,-2.714180513
1.832074074,9.51362963,23.5597037,54251.53977,15.90124525,9.282892699,1.200685575,27.14908627,2.865547968,2.915562824,2.099576055,2.168806886,61.24145079,74.40137164,140.8179826,73.43642756,93.27879498,174.1488245,74.05376675,54.82561895,-3.7608304
1.834285714,9.678571429,23.68285714,54575.45402,17.05698943,10.22829403,1.202202835,27.307442,2.983236748,3.030412508,2.232817616,2.348666112,59.06406984,74.98474797,131.3223478,92.85310201,90.95572293,153.8428074,85.97813591,75.60361092,-2.36214338
1.834285714,9.678571429,23.68285714,53743.42441,16.09293458,9.86217265,1.200987417,27.377823,2.981844347,3.02858831,2.174321778,2.324091353,63.23335013,74.83352901,138.6923194,85.23018661,87.17154438,158.5045542,79.32599885,67.34080795,-2.08132296
1.836557203,9.847976695,23.80934322,53902.66737,16.66823838,10.36699869,1.200387771,29.15960947,2.983573833,3.030476108,2.158510531,2.261411387,61.71330985,74.58093202,130.1566726,83.67016779,95.01017929,155.3261173,84.01463809,73.63044305,-3.931550327
1.842205567,10.13286938,24.76102784,56750.31833,16.6485398,10.72709735,1.201051384,27.60655787,2.983500436,3.030230251,2.209086882,2.232822886,61.62144074,77.54673911,130.6509721,92.63612983,103.5295136,155.7147959,93.03968538,81.02847668,-6.183949647
1.854158628,10.84350482,26.27151125,55102.13892,15.96301969,9.648568042,1.202741809,29.73555,2.98336488,3.030124177,2.190838119,2.293947064,61.96478144,77.48890624,135.0005023,83.25753993,96.82958856,149.6615709,96.38153744,71.92537701,-6.58181694
1.862448537,11.27569881,27.60253521,53674.01353,15.45775526,9.225282743,1.195886193,28.785423,2.982816137,3.029400427,2.201286742,2.365112387,58.96537736,76.40194848,140.5582006,67.24873282,92.52250131,155.7882759,93.68836565,56.87413399,-5.411365773
1.862233333,11.24678889,27.65064444,53366.25521,16.52431804,10.27745342,1.205107119,28.908588,2.977174006,3.02388775,2.223417078,2.38211618,63.19608727,75.84367229,130.7957899,80.34270656,88.72217314,156.8753712,86.747096,68.76294931,-6.830568427
1.867219132,11.52638487,28.3592881,50760.32399,16.78477669,10.00310064,1.204615897,28.803017,2.975516225,3.021984221,2.20140059,2.355656032,66.00269107,78.14386178,126.354126,81.43280344,71.52788805,152.1598095,85.05676851,73.95187546,-6.88974908
1.871991101,11.83644049,28.83917686,51314.69051,15.95778988,9.263578364,1.202949036,28.169598,2.972257646,3.018450717,2.183825619,2.295342942,65.1359718,74.87642167,135.48453,81.79197976,73.7455199,156.999498,77.08183181,61.12414825,-4.24017158
1.877,12.115,29.562,53278.24328,15.59637007,8.983165649,1.199991571,29.313274,2.972049814,3.017532931,2.177015044,2.231978871,63.07193603,75.74832776,149.6984381,75.81198332,76.68004386,160.5126719,82.53120543,80.44335725,-7.8343196
1.888608018,13.13487751,29.65899777,56060.34504,16.99257656,8.550007861,1.155747579,29.42470653,3.140638842,3.18950579,2.362257558,2.361787913,63.16418281,76.39060076,142.6540435,80.25538633,102.3748295,159.3038237,88.06048331,66.05398173,1.067671955
1.9089099,15.27242492,28.40395996,57741.50546,19.3441773,9.78179139,1.096619617,29.84698833,3.285248292,3.33679434,2.51351885,2.576841453,64.7627882,76.64587196,147.0222808,90.80626011,110.1860784,149.1307745,91.26993753,82.87329424,-1.836694673
1.92487208,16.82917686,27.93047831,55797.87834,17.93967996,9.169574087,1.100961902,31.32144787,3.285627445,3.337205188,2.512446512,2.644074485,67.84633695,77.74015241,147.3691025,86.4013542,87.98017932,146.8730499,99.41312288,96.39249922,-2.97699864
1.937408231,18.07550612,27.43741935,55648.75526,18.74561441,10.36983185,1.102659509,27.73089527,3.282382608,3.334058773,2.459013851,2.544598016,63.27376897,72.85520664,149.0651776,80.86298307,88.18742641,157.3292471,92.99896846,83.93673936,-8.817709467
1.9432,18.55735556,27.61057778,53956.70544,19.28511096,9.115587122,1.100339567,28.63058633,3.277884946,3.329636757,2.464148269,2.535023473,67.38240428,74.61346096,141.927108,87.68747735,84.18247629,149.8782352,85.88800834,88.4045953,-12.8095445
1.943066667,18.59735556,27.36977778,54799.33757,18.3743325,9.724005636,1.096508641,29.668691,3.274972948,3.327265659,2.478888204,2.540280712,66.7598971,72.56984133,143.8803658,89.06248361,77.76311512,153.2400277,93.23819665,100.0192638,-14.9143866
1.945733333,18.74628889,27.75164444,58994.13751,21.38918839,8.713131425,0.899543589,28.020626,3.297407791,3.348004201,2.525455033,2.466249395,67.86850521,75.78609045,151.0591269,86.36973824,83.55329729,153.5953025,122.7777779,124.1428885,-16.08271467
1.948055556,18.91947778,27.88095556,56860.32069,21.9415621,8.823142844,0.900645505,28.715042,3.284688777,3.335905979,2.455639436,2.422827516,65.43139171,70.22885235,140.4945695,95.25971553,75.38998438,143.9002879,117.6829026,139.987055,-15.36249597
1.948055556,18.91947778,27.88095556,56994.10193,21.23068376,8.855386578,0.901035832,27.92209433,3.282861985,3.33508316,2.441725996,2.426770648,65.993225,72.67406549,139.8986865,93.02021256,80.92477048,141.3864566,118.7585278,139.7906075,-13.1060032
1.947077778,18.74592222,28.21144444,56443.15598,22.19086309,8.807555233,0.898561276,30.23173107,3.281990822,3.33461036,2.449938139,2.439314057,66.28032969,72.47200589,142.611017,100.0150894,84.82529269,142.5129697,101.374552,117.2811634,-12.28394867
1.949522222,18.88244444,28.56148889,55711.6836,20.05853724,8.096918659,0.899462781,30.034668,3.277181152,3.330142942,2.441724043,2.439409708,64.79929401,71.80152808,136.6442412,107.5965183,89.66701981,144.1442868,85.76488924,107.9703861,-10.88911373
1.951844444,19.05563333,28.6908,59862.23639,22.95885068,8.696839015,0.899147418,32.19768133,3.272092373,3.325309427,2.510839812,2.526297645,67.40588004,76.92678037,155.2033623,107.5588575,109.9948904,149.7331869,87.52677059,90.5179518,-11.17797723
1.946694712,18.60264423,28.73257212,59471.99439,22.16649792,9.001402854,0.900995362,31.07159913,3.273364715,3.326671971,2.515196751,2.56516674,66.14396093,76.45472113,161.8205558,105.187474,102.2575003,150.6808923,86.92342233,96.34960973,-9.397494933
1.949478055,18.80316726,28.9033452,60592.84551,20.85673767,9.276427112,0.899896829,29.999477,3.272868226,3.326193869,2.532737939,2.602170046,65.83995429,75.4832178,158.0654426,112.0258074,106.0613604,153.1788652,88.64636757,90.41888438,-11.26291453
1.94856465,18.57873072,29.49183867,60947.17993,19.2928807,11.02293637,0.901332275,31.0111885,3.272044241,3.325605168,2.552692887,2.626171367,68.65790867,72.685467,157.0155416,104.5262079,100.846634,163.1089929,94.91347253,97.01193559,-7.501933707
1.947223558,18.37484375,29.82622596,63693.72644,22.26903885,11.53910122,0.814849927,32.0229,3.557860507,3.606835081,2.77018316,2.74121766,57.90624999,66.5800745,160.2843251,126.9373457,106.0388787,154.5345879,99.39561955,106.3711627,-10.76727573
1.943653846,17.99975962,30.04384615,64516.2818,20.89075079,12.07980171,0.901052233,32.005306,3.553456681,3.60302851,2.761051342,2.767198943,58.56234079,69.62157292,168.0346489,133.3657987,97.88054414,145.9764847,107.9705351,141.5914813,-12.64046907
1.942097561,17.76560976,30.42204878,65923.63394,21.07467064,12.65930066,0.900059807,30.01355547,3.548147703,3.597591888,2.805884086,2.825350568,61.6274674,72.40501198,167.2005909,112.6457473,110.9839065,163.1753217,114.855423,122.4176608,-11.20895333
1.942444444,17.46206173,31.8028642,66644.45515,15.5323818,11.08471267,1.054513532,22.982591,3.54173076,3.591079553,2.712991077,2.759163665,68.5103705,74.05406903,162.2823653,111.7045629,111.2294638,178.2676856,114.1935534,94.33881672,-3.355077787
1.93862963,17.12123457,31.75883951,67350.88688,20.01332784,14.15566478,1.05224968,22.157971,3.54000803,3.589813285,2.776818721,2.809206962,64.77876705,72.33433047,162.0420034,112.6200475,116.1100255,180.9438059,111.3747901,109.2771765,-1.486698953
1.937404203,16.90729295,32.1605686,67011.36577,19.94984377,13.57378954,1.063759493,22.1016682,3.540112373,3.589929578,2.780858563,2.813895954,66.56875904,74.17106918,161.907688,116.9370032,113.7374733,171.9612321,115.1719912,109.9093103,0.368609895
1.936045056,16.63053817,32.81559449,67106.73736,19.36234889,14.25122612,1.051722281,21.43423047,3.540054658,3.589735894,2.761341996,2.77996902,65.55381291,73.73723067,161.953368,118.1894179,106.9477325,187.0021995,106.0259509,115.1585027,3.44394104
1.950548611,17.93291667,32.32079167,69111.92679,17.53345784,11.63933543,1.052942268,24.56262,3.539011744,3.588439584,2.825722816,2.847108149,61.32141294,70.28709391,161.9778931,118.9496816,123.2791785,204.3468627,94.01205453,86.95548322,-0.637910374
1.952201389,18.33902778,31.25593056,76096.63039,18.48802923,14.00672733,1.053648206,20.71518147,3.530731322,3.579604545,2.767549099,2.763907685,62.74960362,71.40323387,139.9061204,128.7337919,135.1018932,168.9911602,119.3055128,107.5905685,0.69867791
1.95523975,18.84285615,30.29000695,76480.80718,17.55521821,12.83088115,1.052465231,24.47699247,3.532537003,3.581290819,2.786976686,2.788812032,63.1797195,72.93028375,126.9798515,133.6149677,138.8698185,150.2097172,127.643114,99.52743182,-2.443039447
1.954829743,19.0323836,29.35022933,77487.51479,15.6929261,13.55420969,1.113423632,24.034771,3.53089317,3.580028368,2.788822715,2.787333284,63.37140345,70.49450274,138.6165309,115.0738854,137.3293572,152.215874,128.1136776,117.6798798,-1.174399658
1.954276773,19.23458275,28.28913769,78977.24347,16.05349025,11.83351436,1.171022134,27.06111187,3.581503569,3.629723138,2.838188342,2.816146902,68.98929093,72.9136465,143.6229602,139.1173968,131.5999386,153.6035791,120.8152119,115.8865871,-0.746670428
1.957477415,19.72466991,27.45706741,78261.90004,16.97401675,12.73322026,1.199151058,23.42246527,3.574263714,3.623035206,2.838667811,2.819057049,66.16644622,72.86873924,142.4356923,130.6775194,125.8472349,155.9053663,119.3650303,123.1508542,0.642829167
1.959179416,20.16409597,26.25730181,76620.56161,16.0121625,11.97468887,1.197920624,24.509838,3.570905908,3.62020469,2.826327397,2.805580573,59.78792323,70.84496924,143.6611504,119.0902404,132.3751647,152.1236675,117.3846647,116.8173572,-1.2769945
1.96076442,20.59316887,25.0571091,80689.77494,15.60389621,14.88560039,1.1991835,26.72563407,3.568939105,3.618372046,2.892243455,2.873344279,64.78843902,72.33924772,144.3524792,124.8759928,124.5326224,174.7173291,123.248891,129.9014892,-11.50149173
1.958512856,20.35658791,25.19437109,80762.81149,16.49856606,15.40546394,1.198933127,27.00950007,3.570345789,3.619914234,2.932789627,2.918526333,64.52680412,74.92618045,127.4701606,108.2957987,119.0862423,210.7006892,128.4874758,124.8348038,-9.626874767
1.95790132,20.24804031,25.40107019,78376.35336,15.72486991,16.8799614,1.206018971,26.07813773,3.568455211,3.618455428,2.917310344,2.906290523,69.24446433,75.45318443,107.2931318,90.24235251,102.622972,231.5444085,132.2603373,127.418569,-4.390708127
1.95790132,20.24804031,25.40107019,76170.21944,15.52027315,16.74100851,1.221175207,24.9989778,3.568256874,3.618106192,2.973727366,2.963796792,69.28043102,75.98477492,103.6519893,83.52165272,82.56620165,231.9459115,133.7944551,133.2741686,-4.162441513
1.955225851,19.92262682,25.73359277,76691.42313,14.96118119,17.17685379,1.249241777,23.40486993,3.564572167,3.614376415,2.929071198,2.927503716,69.66596095,76.32120254,99.91113752,77.67888995,85.0480592,259.694974,128.1814336,123.0469374,2.88183902
1.955225851,19.92262682,25.73359277,78577.8604,15.68146089,17.71721059,1.270014735,23.417774,3.56446762,3.614685796,3.038250174,3.039004446,68.70976875,75.68332171,104.1561493,85.13761037,94.81897395,260.7449837,144.2063591,103.6579288,2.200602327
1.954547983,19.80421419,25.95541029,77375.67133,15.29460507,17.76955001,1.301332451,23.630089,3.565555236,3.615700302,2.949852522,2.961672001,68.90982636,73.12336616,109.8292027,107.7785673,104.1986347,262.0772242,106.5227981,91.76998146,5.140062433
1.954547983,19.80421419,25.95541029,78297.62988,14.01652132,17.55961865,1.309429333,22.0125194,3.566159873,3.615973504,2.926951975,2.935032953,73.40196599,77.15173775,117.7338606,99.44413094,101.1461472,265.3562662,102.871844,106.2989282,4.3948458
1.937872045,19.5911822,21.08450626,78279.24801,13.33586983,15.61260141,1.348866878,24.052364,3.563487276,3.613497193,2.957536323,2.977671458,73.83023834,77.01005521,193.6147021,122.4567558,107.8727269,188.407939,99.48195141,95.93303717,4.34394256
1.939095967,19.80842837,20.67082058,77937.2982,14.84837483,15.34676007,1.34783936,24.052364,3.564408998,3.61415006,2.921972385,2.940484811,68.64460159,74.48881529,226.6076427,129.8309125,116.0175343,155.2708364,91.80212351,91.27019609,3.225801073
1.943375,20.26156944,20.39647222,73588.98827,13.52542415,12.9385738,1.350832086,25.23123,3.562532024,3.611917372,2.885946307,2.902327612,68.04070145,74.18673457,218.0469628,117.4457015,122.1460663,147.0276547,80.79654999,81.29251609,-3.261419564
1.9475,20.695,20.145,73678.44719,14.40099986,14.95743483,1.348727353,25.336803,3.561469971,3.611449435,2.865494112,2.88118554,67.47483214,72.12571917,223.3746014,80.91204641,79.25220563,156.7110005,109.899615,118.3613385,-9.7486402
1.945153374,20.78834356,18.98785276,72777.6726,15.17776561,13.92438211,1.348612715,21.321623,3.558777475,3.608652473,2.848524488,2.870528932,68.50494476,75.20351459,211.9041104,77.73546017,78.44354279,156.7258936,119.9693208,112.6837272,-8.577166167
1.949360374,21.29215289,18.49513261,75219.45367,13.57389625,14.17074033,1.349506375,24.369078,3.640078058,3.689465912,2.907225469,2.904804956,69.30465153,74.04881381,182.1354616,80.69168834,82.06211264,197.6403129,112.9651683,119.9672748,-5.326392233
1.955994437,21.58401947,19.64063978,75042.74468,16.2526237,14.93781017,1.359645951,26.054678,3.640411675,3.689718705,2.923318785,2.918704537,67.35341131,73.59524634,171.6110809,81.82401521,91.01097448,204.0843047,109.2808975,113.8035904,-3.021689507
1.95453149,21.77036866,18.42903226,77328.37268,14.50219768,15.43754432,1.352155005,27.870481,3.639270234,3.688414296,2.934885907,2.930798748,69.51116777,74.15362015,176.3430951,92.24867307,97.62445021,212.648651,107.3371227,108.6253599,0.283125203
1.960582822,22.50733129,17.67331288,78708.64075,15.33753573,15.09006918,1.345316718,28.116812,3.640064574,3.68933202,2.919824837,2.916441429,69.09672828,73.75344743,188.388616,119.1014723,123.3200347,185.6107758,93.44185707,100.8714862,-1.7614878
1.960582822,22.50733129,17.67331288,75931.15036,15.3627061,15.98156105,1.350707082,26.7385368,3.641651269,3.69031569,2.905338863,2.899517436,69.67721477,73.87788293,195.5608091,119.6859413,121.9787086,172.6759249,85.31137502,89.85009358,-1.244496933
1.965138037,22.98596626,17.3956135,73250.99748,15.59599166,15.49767665,1.349269759,22.22483253,3.640165701,3.688970182,2.896555315,2.892062108,70.33413391,75.43357319,179.8558948,116.9348851,117.5609115,174.4614271,83.73841106,83.09837037,-1.291499243
1.969687988,23.5274883,16.87556942,75587.2335,15.34364889,14.90086008,1.348501182,23.38023747,3.834948042,3.885839874,3.126143271,3.120283724,72.47247405,73.5770892,169.6315682,113.4200892,114.9606314,203.5321044,90.00597475,84.45532556,-2.036055771
1.969687988,23.5274883,16.87556942,78318.89061,14.97326135,15.74591264,1.348539918,24.07699973,3.834709606,3.885578138,3.102188331,3.094367029,70.73724579,73.01232135,188.3066985,117.675947,131.5641164,191.4362921,85.07618116,93.06217958,-5.777464153
1.974825397,24.13295238,16.3112381,81666.73993,14.52438797,15.88487039,1.347834799,25.125662,3.832039172,3.882580672,3.144455809,3.135502478,72.09580875,74.002938,207.1236712,126.3522206,130.2399525,175.9621779,103.888361,100.1955749,-7.2865046
1.979539683,24.62830159,16.02384127,83007.17605,14.9379878,15.34333961,1.352227203,25.108067,3.832469253,3.883079707,3.12766388,3.119429953,70.62445084,73.84103619,214.4639025,118.7053097,120.9508537,158.1010031,116.1300386,129.8999916,-2.006006933
1.99085622,25.99768982,14.64423263,84673.95467,15.01633696,16.13611317,1.356809259,25.090473,3.833067774,3.883710663,3.180655439,3.174153124,70.05665666,74.06911067,233.5184594,123.2289469,122.0016744,162.1982958,117.046143,120.6242857,-2.497966833
1.984784423,24.24646732,19.27262865,87904.55651,14.83731157,16.39340368,1.355490942,25.037687,3.833868461,3.88426685,3.18866372,3.182052084,69.68400026,73.92298316,237.8442844,129.1330039,122.106591,167.7507744,127.3380951,126.8809485,0.150319507
1.989,24.69344444,19.00022222,86690.26022,13.52598171,15.42048174,1.350197282,24.316292,3.833480254,3.883582116,3.157663463,3.150733778,72.67160824,74.14884736,236.8924817,132.4515484,131.4747674,169.9936636,113.7904024,114.2554997,0.817228801
1.99725,25.56030556,18.49727778,82705.19282,13.19012822,12.13692436,1.353730048,27.15025973,3.835790346,3.886688041,3.220394401,3.215128645,73.49020405,73.26337676,189.7386256,126.5708434,127.2421345,202.1275306,100.315823,104.5099413,-0.42530707
2.001682893,26.02205841,18.24244784,83315.74494,13.10367071,12.90074213,1.382944644,21.9620806,3.836667139,3.887189697,3.209501183,3.204350097,73.40221283,75.07700131,169.0808127,132.0607224,132.7095012,211.2701856,105.2279187,101.8166957,0.607842735
2.005875,26.46656944,17.97147222,85304.76554,13.19189535,16.60981838,1.399977913,23.7743642,3.83970045,3.890329925,3.215167008,3.204580603,70.95033845,75.03664212,159.1896292,133.9995365,137.073261,225.0219332,108.6440796,106.0858783,0.484394979
2.01,26.9,17.72,83496.64666,14.16116695,14.70742329,1.400556851,25.635916,3.84145307,3.892075514,3.261995909,3.254788492,71.55480662,75.75894619,152.292103,126.2576467,129.5272132,238.6208451,100.6212912,103.449979,0.661589253
2.01,26.9,17.72,83280.8536,14.07394298,17.80657723,1.403134531,24.86408267,3.841545405,3.892107034,3.199643299,3.185213652,69.59141989,76.16079594,130.9578391,121.4787154,131.7656207,256.4650983,101.3055072,102.3488663,3.284647207
2.01,26.9,17.72,80019.52968,15.04375694,16.26042329,1.398489214,26.83354967,3.844380429,3.895486056,3.233000597,3.226379635,73.34559902,81.16428758,141.5597435,110.922058,119.6658689,255.1535674,103.4925077,83.64947599,-9.6677074
2.028890756,30.25310924,11.33492437,78526.02794,14.90789307,13.92809139,1.232246695,25.66641407,3.847698112,3.898616981,3.266563411,3.263140623,74.27891226,78.2971535,156.4274202,102.284349,112.1122297,242.9596378,99.11391849,89.84951438,-11.75628373
2.028890756,30.25310924,11.33492437,78099.53933,14.4127084,14.05856954,0.999018625,23.80838267,3.846511824,3.89767574,3.285285156,3.279651527,74.85583352,74.43356387,152.3153694,101.7650647,107.9007234,234.7027983,101.6226509,99.47185973,-12.26005933
2.03,30.45,10.96,75860.17787,14.02495194,14.72455227,1.000442976,26.18136247,3.849041875,3.900026735,3.144791295,3.137798726,77.55312391,74.44215507,141.6326146,91.45050311,94.88634621,247.7481773,105.9555563,92.43529697,-12.88074047
2.028493151,30.18253425,11.46931507,78304.95731,13.90600254,15.70160607,1.002308651,26.51566667,3.853297276,3.904650469,3.188228598,3.178865818,79.4546522,77.73334976,119.5448988,82.68830499,85.95621682,265.6030275,130.0253744,109.2717721,-6.764513473
2.026888889,29.89777778,12.01155556,77667.18572,13.9868042,12.28810522,1.006550507,30.72204433,3.855438949,3.906942433,3.319334346,3.317609314,77.19040421,77.37835018,122.212736,85.12740897,93.74340113,261.4002335,126.0595646,98.96789206,-6.019087613
2.026445993,29.81916376,12.16125436,79224.09297,16.03500304,10.8306907,1.05470294,27.27929013,3.862062196,3.913981184,3.22294252,3.212383022,76.71626592,73.44257494,132.0598959,88.3772297,107.0523317,268.5718751,115.4179863,93.18536916,-10.12997447
2.02486911,29.53926702,12.69424084,77309.35901,16.35361515,11.1004504,1.098775904,26.34910093,3.856688688,3.908326906,3.173573554,3.161996831,75.74735815,75.66477041,149.9356155,81.28006438,96.49154609,250.2989383,118.5160385,93.0067357,-10.50301373
2.023333333,29.26666667,13.21333333,77346.02671,17.37316381,12.82045923,1.170431166,26.82768433,3.856749702,3.908812663,3.18153096,3.170593144,75.12134732,79.86514287,166.4465635,77.2591751,89.54757749,250.9936037,127.1743394,81.72832898,-3.81399332
2.022811388,29.17402135,13.38975089,77066.27538,15.84094643,11.95891649,1.207527345,25.05528,3.856853519,3.90907193,3.176105337,3.166104732,79.29196014,81.82372096,169.6134525,85.57049448,90.82232715,240.902231,113.553459,90.69003308,1.327462728
2.01,26.9,17.72,77668.1038,16.47684986,13.13507859,1.19595168,23.47642453,3.857342779,3.909743296,3.183788431,3.175098454,76.81802824,80.47326879,167.2332774,94.0925131,108.2053026,247.6367218,104.3437329,74.9267482,0.426264802
2.008777778,26.68305556,18.13311111,78897.62444,17.40139913,13.39515883,1.197385496,26.22710867,3.856091984,3.9086163,3.179672246,3.171920006,73.29719437,80.01537247,169.5552202,81.81466846,126.2524269,252.20345,96.9384536,82.40710583,1.880634453
2.003365786,26.02159944,18.81799722,77582.55235,15.68716028,12.26573438,1.199223196,27.15612407,3.854430959,3.906876496,3.171979424,3.164689057,71.55270329,75.24497036,180.0966796,76.76280484,113.0645954,253.478506,96.33893807,78.61851953,-0.606981327
1.993504868,24.89682893,19.75821975,79997.73823,14.97626523,12.65915668,1.195476103,22.275272,3.851141969,3.903073911,3.182606239,3.175074982,76.69592172,79.43480044,211.9933025,86.715046,105.3190434,231.9773157,102.7611953,89.51627017,-2.847628733
1.984,23.80594444,20.69022222,81166.84283,14.87170245,12.44050497,1.207745468,21.342737,3.848998678,3.90057117,3.199077409,3.190861747,79.63602178,81.90058301,203.634008,103.5044431,104.5310596,218.9408981,105.2541139,102.3588251,-0.068980599
1.974152778,22.68273611,21.62913889,81228.01028,14.58277602,11.36077246,1.200326856,28.539093,3.847286168,3.899127262,3.166365961,3.16360741,76.31117645,80.91665985,205.1722931,157.5191069,151.809688,223.5663924,50.63012806,50.24171074,0.721228825
1.964561892,21.58168289,22.57070932,80653.03841,14.51084863,11.07894215,1.19676821,26.304527,3.849621159,3.902029632,3.157387609,3.15939321,78.29169213,79.36236381,199.0847177,140.7031039,139.8406799,222.5135852,64.46557451,65.67120252,-2.585987413
1.954700974,20.45691238,23.51093185,81239.57465,17.56323705,13.91804232,1.205917598,22.51573687,3.847893259,3.9000553,3.157821225,3.159989672,71.53493825,77.43978363,207.3257621,102.3687964,100.7851225,253.2252008,91.78751986,84.03716199,-0.684163238
1.94525,19.37219444,24.43772222,80514.85178,17.37745257,13.37108411,1.199739241,22.328056,3.848959386,3.900917969,3.199444516,3.203703102,71.51262325,75.92149709,212.1122457,87.61233696,83.89187988,266.778202,93.06764531,90.0472128,-3.224932573
1.935402778,18.24898611,25.37663889,80987.76559,18.38582502,15.08881158,1.205883963,22.93919007,3.845127271,3.897020209,3.236188065,3.228628259,71.69323621,78.2130407,198.7790385,77.78054228,80.82390306,279.7106724,97.59552922,100.7323351,-3.0046377
1.929888734,17.57579972,26.07159944,81594.41012,18.14008928,15.4209363,1.212085659,22.2752714,3.839693019,3.891253694,3.2529253,3.24719539,72.45844857,76.99177194,182.5162428,92.30612214,97.27874818,292.648849,89.52585912,83.81668284,0.153618844
1.91906815,16.25349096,27.44022253,80543.61935,16.36865406,14.6786194,1.20097449,22.92394047,3.73184855,3.781243607,3.151137888,3.140812277,75.10451667,79.90957129,171.0772691,80.51118301,106.2155495,306.5579388,90.85715992,70.34415267,-4.767549133
1.913527778,15.58836111,28.09538889,85150.4905,18.17117591,16.64132234,1.224442452,28.46636773,3.740633178,3.78905555,3.144303199,3.142980652,72.35596432,80.80211912,172.1653429,74.80237202,112.9652344,330.9167683,103.0528226,77.01481327,-7.66558776
1.916620306,15.81899861,28.26759388,82926.75949,18.72391618,17.62273689,1.199910911,23.86351373,3.739562558,3.788437931,3.075115308,3.066794204,72.59347164,79.9911596,162.7535669,56.06620911,89.90758419,335.4155341,118.196654,84.9383355,-9.824664867
1.919527121,16.03578581,28.42945758,82514.84407,14.48973246,15.86744157,1.377910284,22.0629584,3.73751475,3.786353704,3.102004074,3.101781092,71.04843566,78.15814842,145.5487996,60.28609611,71.36969608,332.7486373,127.5256121,102.2209278,-7.537621253
1.9225,16.2575,28.595,85661.88272,12.86571374,17.59489127,1.377740444,28.17077027,3.735086256,3.784790491,3.112741526,3.097067234,71.72154851,75.68241576,146.0645501,58.44800257,82.90658229,347.5798387,132.0352793,103.8189121,-5.647667753
1.9225,16.2575,28.595,86683.58636,13.08335311,17.66613989,1.380236588,27.78016033,3.732099903,3.781681786,3.086737971,3.081970876,70.92464832,77.521566,98.40059449,76.4723273,95.21646208,355.5589575,145.7255961,99.69315427,0.218371042
1.9225,16.2575,28.595,85018.50838,13.77093726,15.96808641,1.38414001,27.395416,3.729208652,3.77838427,3.164530776,3.13970082,79.55525421,81.77369138,84.50488815,67.08951849,126.4914378,344.3389339,149.4071567,80.23595401,-1.148417023
1.9225,16.2575,28.595,83617.43137,12.96167655,15.05451287,1.375116018,28.451117,3.719199475,3.768406344,3.141731542,3.125002249,74.18280206,78.51300355,81.6572735,78.19888161,143.9348328,318.0357062,144.8218296,71.19071214,1.66256474
1.919527121,16.03578581,28.42945758,84048.8869,13.35332189,16.28028062,1.384895125,28.7162152,3.717036006,3.766366544,3.07178316,3.0616498,74.96941414,77.09582238,87.0259775,81.75934068,156.0517149,325.2447838,128.7688199,64.26982965,1.336171253
1.919527121,16.03578581,28.42945758,83701.71644,12.90569163,17.21580101,1.380167801,28.028837,3.713437511,3.762877556,3.158198536,3.142061194,77.76368639,79.4533605,80.04049434,108.6900078,132.0891609,343.4845184,105.6024613,68.38301342,9.9328719
1.898794063,14.48953618,27.27495362,82867.82499,10.79948535,15.04840843,1.374973945,27.86344407,3.711882459,3.761441136,3.159510719,3.152323502,80.93152121,80.9211354,105.4411531,125.0275783,147.8850511,294.5495137,98.23935993,63.18613561,8.585588987
1.898794063,14.48953618,27.27495362,84309.62376,13.10621245,16.26633673,1.375990362,23.99254353,3.714519268,3.764190401,3.152807583,3.144742589,74.02808241,78.46018286,144.3414237,122.8014379,140.9838918,278.8482756,96.30028961,73.54532884,10.51923337
1.894703704,14.18448148,27.04718519,86948.69325,10.87740376,15.94111794,1.380288912,22.240082,3.714684001,3.763846376,3.133603364,3.102094201,76.47946797,77.90372086,173.6970381,139.6992118,137.4477518,261.0068735,86.32231819,90.45876578,6.461389133
1.881673554,13.21270661,26.32161157,88829.60581,11.76405075,16.02204433,1.379986848,21.078812,3.710803811,3.75991547,3.178363516,3.169811564,76.42559752,77.53151312,170.3819018,137.822027,139.5552001,273.0434993,90.58140544,95.25152372,2.293533593
1.847507163,10.66461318,24.41908309,87726.76003,11.15368385,12.65422664,1.379295128,20.73629413,3.711185712,3.760302468,3.233250154,3.212376928,73.6978339,75.54064205,171.8732116,125.8410335,129.1041938,274.5082369,98.99243439,95.50925522,0.994055878
1.841149425,10.19045977,24.06505747,87243.35316,8.914713103,12.63519749,1.37588542,20.744505,3.713346105,3.762578837,3.130969591,3.086908486,74.91373241,75.13544457,167.430664,115.9660736,117.7303939,262.2284286,117.1277557,110.2211051,-1.685072027
1.906666667,15.07666667,27.71333333,87974.4896,8.404274994,11.73350501,1.379862692,23.471731,3.710658579,3.759771913,3.090532552,3.066995256,74.32619348,75.10897108,163.2726709,98.63629419,99.76031895,262.9927694,137.5120988,134.5422203,-0.847072813
1.90472879,14.93214186,27.6054242,88547.68421,9.154847575,10.57968101,1.379688171,22.398438,3.70747809,3.756738338,3.103238869,3.090060166,73.954675,75.31895155,159.0221331,93.49451506,94.00523561,280.9105397,138.2237699,135.8583193,-1.51913114
1.90472879,14.93214186,27.6054242,91520.63057,8.652722387,12.68579801,1.379870909,23.37202647,3.706758322,3.756164433,3.092631668,3.080423669,77.04802006,76.22370457,157.8945263,101.2446522,105.1362136,292.5707769,138.7378056,135.0461451,-4.837071113
1.901652778,14.70273611,27.43413889,90047.51618,10.98468118,13.6929914,1.381374916,22.697554,3.706397701,3.755714213,3.111104902,3.110287426,76.99473757,81.7507759,153.7046808,110.7897982,122.2940266,310.6784637,111.5715104,106.2913419,-6.8515814
1.890500808,13.87103393,26.81315024,87487.70586,9.407211203,13.16979379,1.377088551,21.63715953,3.705539881,3.754875892,3.052119543,3.047780305,77.22503693,78.0400116,123.8220184,81.05996658,103.7197136,325.8190464,139.8370629,110.0819913,-3.866006827
1.78,5.63,20.66,90173.66801,9.931353757,13.59471428,1.387150391,26.3608318,3.726173714,3.774419591,3.147693851,3.132355528,76.68487558,77.17012632,126.634357,104.1308814,108.1401924,326.5665744,127.8385061,117.5914656,-6.57418534
1.78,5.63,20.66,90994.69794,11.70949279,15.4181647,1.39141537,25.05528,3.728218348,3.776065417,3.150401008,3.118717534,76.74629573,76.81919651,146.1021556,121.6478726,128.4045534,304.3230678,113.7215133,109.0156773,-10.126973
1.78,5.63,20.66,87218.49402,9.141821871,12.90749929,1.359647759,22.73274,3.603122042,3.651771658,3.135300815,3.122868795,76.08664367,74.58445965,141.7649474,116.1838435,119.2917264,296.0297866,106.0693994,105.6533707,-9.6631066
1.78,5.63,20.66,74782.20369,14.67312204,13.57815145,1.191687923,22.116917,2.836246163,2.886915417,2.912150838,2.88416197,58.72820869,77.31520972,133.7612692,58.51025628,100.1051192,301.3007666,88.75715125,78.972747,-9.257421533
1.78,5.63,20.66,71545.28582,14.89097288,12.28062826,1.198995532,20.71166213,2.869466166,2.920192368,2.942682824,2.927007886,52.0033857,78.22318903,132.8062498,59.54534632,91.50443306,296.2694692,89.3244068,60.09442191,-5.213117093
1.78,5.63,20.66,73992.3647,16.12395587,13.64962416,1.199191012,20.6318982,2.871564663,2.922695113,2.979795295,2.957995221,65.64816164,90.07473155,133.2622141,87.78136606,104.4762644,295.5942244,79.15879208,53.23373148,-10.0670323
1.78,5.63,20.66,73228.51882,16.3803689,13.00707731,1.198931231,21.0870222,2.870780899,2.921948803,2.947571796,2.953276931,69.75006798,89.02744934,124.8592571,90.72986428,96.35993779,293.4412835,74.91389349,64.16829053,-6.227635887
1.78,5.63,20.66,75234.23575,16.39573883,13.6764999,1.198772304,20.44539113,2.868933143,2.91995073,2.934942736,2.925410581,72.34446847,93.07325318,125.7449326,93.96363873,101.1144443,309.4947326,72.2052383,61.73515034,-8.846542067
1.78,5.63,20.66,74761.52796,15.26920106,13.11478722,1.196115941,28.47105833,2.889867798,2.940560579,2.957210044,2.944953637,65.53684973,84.08530831,119.1101286,62.47630688,112.3523619,293.7477441,107.7018542,63.08517623,-10.8334156
1.78,5.63,20.66,74688.67318,14.55749471,12.21753564,1.199721469,27.7578738,2.885381209,2.935999273,2.964529702,2.940317178,63.82309744,85.54264095,125.9244287,65.05238198,107.4874108,300.7449133,100.7490992,59.31751899,-14.15316163
1.78,5.63,20.66,73596.6254,16.66579747,12.91518312,1.199257841,22.1697012,2.837931427,2.887929705,2.899212172,2.882682222,60.16388527,78.19375758,117.2392238,46.40938175,96.04912036,302.1191605,108.6565175,76.39232495,-14.53067187
1.78,5.63,20.66,72036.72224,17.15637674,13.38210633,1.200389648,21.5779227,2.837113083,2.887792064,2.896966901,2.882754909,61.95252041,84.5054849,85.75015827,44.21842934,134.1291709,268.8320893,145.2569694,46.60508356,-14.64626397
1.78,5.63,20.66,72586.42237,15.59304081,12.68305799,1.208879386,20.9861442,2.828535624,2.8793313,2.892142446,2.892391629,60.67432359,85.67923792,80.01607351,46.82531091,139.8168692,237.7644051,164.3308022,60.40122632,-14.7981856
1.78,5.63,20.66,70542.56971,15.17559171,11.82341718,1.199029374,21.84360707,2.82973786,2.880743484,2.891712887,2.874574838,64.72480636,87.12136409,79.82984458,45.45954988,126.5306858,271.5232407,136.2844422,49.37627672,-16.480277
1.78,5.63,20.66,71753.33102,15.84788343,13.56704125,1.196013801,19.26769913,2.824859645,2.876346332,2.899457666,2.895069127,63.08796487,88.46184525,79.82089356,43.51495092,132.9920545,293.3775223,132.3985396,38.69961562,-11.17598883
1.78,5.63,20.66,71201.58539,17.01409085,11.79960331,1.201529413,22.0840724,2.827680021,2.878764858,2.905863771,2.921112522,66.7436352,86.5646515,78.0413956,49.94153818,135.4056485,271.5177405,139.4936197,40.79166705,-8.678862733
1.78,5.63,20.66,75168.83732,15.83331402,12.17812174,1.199645027,24.90044567,2.986210971,3.036074237,3.05266648,3.072072565,63.50173621,86.95788073,75.44126385,60.49940218,142.2498062,262.8260432,162.5391492,50.12689107,-6.603191967
1.78,5.63,20.66,73661.00362,16.48966689,13.08264262,1.208887779,24.08403727,2.985891581,3.035264695,3.032807463,3.039887744,60.2664752,82.70541286,63.43833276,47.91937626,143.4938964,273.2204011,166.583413,41.72766271,-26.76657987
1.78,5.63,20.66,71960.01542,17.34241344,12.80685308,1.201632536,27.237062,2.986838375,3.036452142,3.054572241,3.069700399,73.74881348,91.42292107,56.44723549,43.06330872,116.818287,268.3085068,163.0526134,70.59338583,-21.77936087
1.78,5.63,20.66,71735.7116,17.39119777,12.99021204,1.205919265,22.63303673,2.980041094,3.030615004,3.061718713,3.097542978,69.92807014,91.79713054,49.62128261,47.02909083,101.8118042,279.1216647,171.2126554,65.76948657,-17.1927502
1.78,5.63,20.66,69205.03279,16.96012234,12.24633724,1.198553617,21.4858424,2.981257429,3.031473335,3.078782891,3.086881674,70.34891688,91.00221837,38.36271143,38.67325969,113.7895524,281.8108263,169.6949671,45.22991221,-13.6543726
1.78,5.63,20.66,70983.3198,16.80064029,12.56649225,1.196087755,24.333887,2.979610078,3.03013631,3.059158484,3.102432103,71.78048448,90.32360496,34.8579547,43.97641078,136.4565065,281.9552769,151.9341962,55.23618034,-10.6081226
1.78,5.63,20.66,71396.89052,15.80439975,12.62610149,1.192483145,19.59848453,2.975467479,3.025004098,3.098308909,3.122005323,62.77494677,83.76215555,38.90772907,54.48323097,144.0217523,268.2075426,150.1738682,53.35608909,-7.73652242
1.78,5.63,20.66,73810.54628,15.37421006,12.49209659,1.203960324,23.031855,2.978439063,3.028670163,3.086941346,3.110104564,68.68718321,89.21841106,58.40515557,64.76887124,153.0808431,268.8334732,141.4731447,50.28868639,-4.07739894
1.78,5.63,20.66,69965.92493,14.06585121,10.76553873,1.190715014,22.36911187,2.982977718,3.032649711,3.036037726,3.000091593,67.59037656,88.9224386,99.4401973,67.23180727,137.5218504,249.8008539,100.5003628,52.76528209,1.79452776
1.78,5.63,20.66,69019.82199,13.64816331,11.68571624,1.208852644,24.59312093,2.979273502,3.028826164,3.109950834,3.173052192,72.78276631,91.40818451,95.39742284,79.31115231,125.0993329,258.9869675,80.91421353,57.3925018,1.332439927
1.78,5.63,20.66,69557.11837,15.1780827,11.93175671,1.199039046,21.4752842,2.978601761,3.028733248,3.124195114,3.16112252,74.02159616,92.43535566,100.0619904,109.4222076,121.5193643,253.2173593,64.84591882,54.07345778,2.707018593
1.78,5.63,20.66,70049.6546,14.52811286,12.13569253,1.206002046,25.196041,2.985617425,3.035549954,3.020901067,2.987135013,64.65024243,83.23622436,95.2682521,112.257614,120.874201,247.700261,67.93771325,63.38819814,-1.54051982
1.78,5.63,20.66,72498.90964,14.41256718,12.4529763,1.19514726,26.374907,2.982071859,3.032401077,3.087272957,3.069952617,64.65367808,85.3757075,93.39813796,113.1609005,119.6713056,277.4325475,65.53422677,61.75906736,-1.901052053
1.780352393,5.662557911,20.67835558,73406.41789,16.73179582,13.17237674,1.198096616,25.76084144,2.981987037,3.031893471,3.04024041,3.008505311,65.07219226,84.6076898,90.75923088,76.71612481,99.50369618,296.5532018,98.00521111,78.00384968,-6.267545967
1.780704785,5.695115822,20.69671116,70666.16563,16.99416513,12.99895518,1.198921688,25.14677587,2.980742825,3.030712235,3.144840335,3.105741155,72.07167778,89.5718792,77.45575479,60.63350911,66.33436653,283.7283582,105.6122427,116.1339153,-0.579992243
1.781057178,5.727673732,20.71506674,70751.34867,16.222827,13.09343962,1.205934124,27.588963,2.977383316,3.027008337,3.151489152,3.154753727,67.33881298,87.70967513,76.86950155,57.68491029,72.9480774,289.5547647,116.9188985,96.5515014,-2.31433274
1.78140957,5.760231643,20.73342232,66944.26931,18.3015941,12.14615946,1.208674157,25.95731813,2.973717798,3.023742241,3.156364824,3.144544157,68.40601974,89.48459789,59.24729197,61.26835357,94.53944508,294.0959232,95.51880824,64.91845416,-3.943473133
1.781761963,5.792789554,20.7517779,67348.63992,17.33203185,11.86988351,1.199444351,28.55786047,2.977434228,3.027164936,3.008454655,3.001990513,63.25087179,90.13312292,58.46416267,79.81549436,104.3000583,287.4253625,80.99360524,62.30329471,-6.45063114
1.782114355,5.825347465,20.77013348,67857.86411,18.10049228,11.09703083,1.199975202,26.621237,2.981494045,3.030187569,2.934960431,2.899371149,63.77675882,86.94189357,55.78877445,63.34586093,110.9500417,312.8848025,87.30077859,47.61873476,-5.7398024
1.782466748,5.857905375,20.78848906,67272.00079,17.18585063,11.5676496,1.198975486,24.34561627,2.980943446,3.029611061,2.931943467,2.903628566,61.40459924,86.22327269,51.76838421,54.6224595,119.3728294,290.1777823,104.0482768,51.35704453,-9.712378
1.78281914,5.890463286,20.80684464,67991.43904,17.99046406,12.42532021,1.199213451,24.844141,2.982247792,3.031459936,2.936189788,2.913313221,63.58616881,87.56627418,58.43270298,49.70603323,99.17064294,306.6740836,106.3387469,59.47237563,-10.7535543
1.783171533,5.923021197,20.82520023,69789.43377,19.1225711,14.64738642,1.207192152,22.26119513,2.984220056,3.033710376,2.959789081,2.940347132,68.71788094,91.44993803,46.12737693,37.09277416,96.76256361,308.1642,138.1995501,68.49758496,-12.345912
1.783523925,5.955579108,20.84355581,68716.70544,17.90756652,12.99986421,1.205793913,21.2430312,2.982268752,3.031865137,3.03511188,2.991096659,69.40733873,91.29574561,43.10477146,41.23168417,71.01261,326.5294182,144.4497804,57.3572362,-9.725039133
1.783876318,5.988137018,20.86191139,69857.93282,16.58153454,12.74625373,1.243882244,21.31693033,2.985178951,3.034556685,3.076117477,3.007409854,68.58165826,90.98913898,42.7444564,52.28250743,60.23576005,331.7005058,147.6611692,60.33754,-8.437196907
1.78422871,6.020694929,20.88026697,74538.61331,18.10086173,14.31770766,1.198926693,26.832376,2.989601348,3.038685514,2.855990956,2.901762485,67.05769079,90.25925896,42.6779539,59.09818953,93.99081056,330.1488868,148.5657896,66.44764496,-10.6951503
1.784581103,6.05325284,20.89862255,71145.56477,14.59932128,11.28745456,1.199189193,28.011242,2.989883408,3.039658676,2.879249396,2.889408794,68.23686263,89.21673044,45.35659759,41.97574518,109.2604737,323.4799866,130.8748897,57.23291708,-7.108862313
1.784933496,6.085810751,20.91697813,72855.03007,15.76063892,12.37350371,1.221912191,27.77898807,3.04913126,3.100882059,3.013483785,3.002892839,61.33637721,86.86826938,50.4065526,42.76227198,101.4771496,333.0857995,134.6797541,63.38966615,-6.404460333
1.785285888,6.118368661,20.93533371,71948.1016,17.02702813,12.18142817,1.199068343,26.621237,3.068665744,3.121074394,3.219474374,3.171654396,67.50694,86.63079112,42.98108412,54.43873814,70.348155,341.1904809,137.8403828,68.57243176,-2.88423602
1.785638281,6.150926572,20.95368929,73394.55901,14.72950376,12.68893249,1.220824818,27.06814987,3.066676817,3.11951176,3.263677124,3.22282728,67.51034428,87.89398775,42.62825446,69.76390531,93.96832854,331.066518,119.2288507,73.04964888,-5.75652992
1.785990673,6.183484483,20.97204487,74799.93758,17.39120984,14.69429426,1.198060329,22.72570233,3.061882722,3.114956207,3.291515419,3.268381051,69.4397299,93.58343015,42.17316241,72.48723864,113.1482013,329.7460694,114.5970305,71.23025544,-3.1398131
1.786343066,6.216042394,20.99040045,75769.03833,15.35675388,14.27519063,1.198926961,23.278187,3.060160383,3.113264259,3.309053282,3.306252344,71.08508738,94.55912186,64.47171056,82.84490347,116.0271949,301.8247248,113.9343368,78.19890201,-3.4505298
1.786695458,6.248600304,21.00875603,74428.71752,16.12056123,13.77732737,1.201638306,22.52981107,3.058919944,3.112071557,3.307374301,3.318378143,70.91774614,93.91748381,60.88650154,65.93216333,118.1154002,318.2043281,118.919075,61.38108596,-2.756018967
1.787047851,6.281158215,21.02711161,70313.0012,16.08415788,12.06117524,1.233654851,21.008432,3.053831485,3.107111525,3.304545256,3.298248061,68.24749194,89.03135001,51.12764629,57.39364106,90.79046343,326.9760616,104.2643979,70.49902302,0.972844227
1.787400243,6.313716126,21.04546719,70608.51491,17.52444919,12.43088239,1.218068751,20.49113773,3.052956106,3.106294323,3.309254097,3.295802846,70.51385546,91.96618221,51.32702973,71.15749264,89.89295346,318.7715709,98.71453631,74.00088685,0.951864183
1.787752636,6.346274037,21.06382277,71729.12827,18.03030059,12.89564281,1.199248667,24.14034147,3.052053448,3.105600601,3.330161298,3.311138568,71.22788835,91.58537416,55.60512951,86.47169359,104.8536146,304.0402596,95.46629419,69.3306478,-3.542805067
1.788105028,6.378831947,21.08217835,69650.85865,15.50966204,11.59174144,1.209038655,23.031855,3.052095098,3.105423532,3.14185595,3.107045062,75.95073612,93.57493898,42.85379182,81.44208616,100.6496291,302.3064481,94.35447931,71.27004728,1.8215398
1.788457421,6.411389858,21.10053393,70146.91849,12.72411665,9.547530187,1.196269353,23.68697644,3.045001351,3.098023079,3.138068103,3.108545602,75.14406917,93.41557011,45.22983596,72.07472871,118.7333643,311.4166871,99.73919803,51.16093266,2.710390107
1.788809813,6.443947769,21.11888951,69377.95373,16.62338892,11.46649418,1.199027922,24.34209787,3.018819682,3.070141434,3.117496023,3.08194883,62.13738669,81.56899906,47.27846981,30.8343847,126.633675,292.5584555,141.4304279,52.25780343,-1.3161849
1.789162206,6.47650568,21.13724509,70001.88096,16.94058585,12.98389594,1.207487971,20.287037,3.015494467,3.066703638,3.069635622,3.063559049,60.29615933,82.71681378,46.98449783,23.97257298,136.0140619,278.6748203,166.0567885,45.43412993,-1.094277326
1.789514599,6.50906359,21.15560068,69892.04587,16.96477453,12.03486505,1.199129766,22.6482858,3.01539814,3.065925901,3.002897827,3.057403632,69.01398484,89.52999564,41.27716875,56.32565874,145.7603874,266.7011819,138.8750131,45.95923116,-0.671596477
1.789866991,6.541621501,21.17395626,71045.16887,17.05062249,12.7191209,1.196890416,22.63303653,3.012562043,3.063961171,3.003539369,3.057991052,71.7593156,89.9959054,46.17152305,56.775432,145.3664801,277.6725262,132.5843818,48.64187217,-6.77328836
1.790219384,6.574179412,21.19231184,69978.55535,17.63418322,12.11075847,1.201813397,25.62770587,3.009716205,3.060628061,2.968603168,3.048933509,71.36775735,92.55114218,51.19431981,54.78621414,140.3178871,274.3091171,131.9279982,45.26024216,-0.98594546
1.790571776,6.606737323,21.21066742,71708.45583,16.35108525,13.14506561,1.198293948,26.7807646,3.011765718,3.063116561,2.943481951,3.051389265,61.8682476,82.7521005,38.29120342,33.61541037,143.4624301,301.2617679,157.2548562,38.28221396,-3.980433327
1.790924169,6.639295233,21.229023,71600.14394,15.80067048,12.31804715,1.207990799,23.22188233,3.013914454,3.064918926,2.96941626,3.04882529,62.28476532,83.06042329,37.14139748,41.52531849,97.70470236,332.9002661,166.8827408,34.62336302,-6.033724953
1.791276561,6.671853144,21.24737858,72709.70389,15.7970685,12.43043682,1.195700334,27.061111,3.011861176,3.062878783,2.968119606,3.046239059,64.16924609,81.09980715,37.09565035,31.45340359,90.65946044,369.0458112,164.2594573,28.65377289,-7.12529676
1.791628954,6.704411055,21.26573416,71675.63243,19.58621857,13.91274047,1.202978117,24.98842087,3.018198424,3.069908585,2.979170001,3.048761594,69.40924485,91.13560519,36.14776561,33.87061563,102.1914639,361.7797908,133.1740888,44.25536036,-10.19564493
1.791981346,6.736968966,21.28408974,70511.85374,16.45400458,12.95605431,1.19915607,24.73505267,3.017611262,3.069376618,2.969658086,3.043501828,69.33495788,89.80227999,27.14081628,30.32721923,126.0904457,351.459163,131.6047532,31.35647279,-16.96589873
1.792333739,6.769526876,21.30244532,76319.9131,17.75012816,13.11886088,1.201469942,23.0494512,3.015362992,3.067518258,3.024436816,3.049895831,68.82036852,92.3642754,42.42905712,39.27890054,133.8802639,338.4499969,150.0021916,54.11952339,-20.99507233
1.792686131,6.802084787,21.3208009,84436.5447,18.70942202,13.64131884,1.199577427,26.5813552,3.017026497,3.068634018,3.071009389,3.064384334,67.62321703,90.40174106,43.52934023,38.84448081,154.7045148,360.7380025,182.7236674,57.52082276,-23.63212907
1.793038524,6.834642698,21.33915648,86609.88679,16.83849515,12.72545491,1.196853634,27.12093407,3.01883031,3.070701564,3.114574374,3.076329102,68.43554937,91.09417765,35.16597089,31.47559102,132.131884,379.9442887,236.6561558,42.52268496,-26.43477467
1.793390917,6.867200609,21.35751206,102302.4601,13.83924801,14.29507563,1.293581547,23.29343533,3.89772058,3.950898948,3.263672207,3.242764686,76.09433454,85.70176692,59.10093848,50.30204408,134.679067,380.0778601,304.5098468,88.29534725,-25.89139513
1.793743309,6.899758519,21.37586764,108339.2382,11.53002749,15.26827295,1.250212198,23.5643982,3.898417793,3.951166307,3.292790273,3.286472322,76.4758138,85.42545927,54.33822688,49.11329201,163.8902923,382.3558165,307.0261722,118.4731029,-24.61010167
1.794095702,6.93231643,21.39422322,92392.93516,14.81898481,12.30472197,1.302657549,22.15210627,3.120566118,3.172419853,3.218093738,3.164135538,67.90379457,91.21746641,44.5732842,34.7474295,95.66124381,360.9352534,321.2789248,59.33181399,-19.77695787
1.794448094,6.964874341,21.4125788,71252.41117,16.86040638,12.63262826,1.312444235,22.1474146,3.126156375,3.17830884,3.153124821,3.104955939,65.11429,90.39127587,44.86923148,48.07269566,80.83748853,299.3890801,165.38651,70.7725592,-17.00490347
1.794800487,6.997432252,21.43093438,72391.5921,19.35083167,13.89000631,1.310736201,24.53446973,3.126038834,3.177867098,3.064439623,3.052618515,69.55440678,91.04391123,61.39654775,50.63082877,97.11534721,289.4582614,159.8518419,64.91355461,-17.66101013
1.795152879,7.029990163,21.44928996,72060.14559,19.53795344,12.83557149,1.199491777,23.05179747,3.127031338,3.17888382,3.081592272,3.025119928,63.55209215,87.25171687,39.03611785,32.53844716,119.6796634,303.3882783,188.6817687,32.49869402,-13.22586563
1.795505272,7.062548073,21.46764554,89197.60822,16.08529088,11.38864188,1.198265659,25.9502818,3.123182977,3.175917055,3.112141499,3.025184008,62.88817577,89.30461096,38.1449577,35.51922551,184.0450326,345.3971066,238.801378,42.10180676,-11.0936372
1.795857664,7.095105984,21.48600113,92691.22458,19.06678831,13.25149143,1.198181324,26.8769502,3.117180439,3.169718866,3.072050583,3.012555636,64.69821851,88.86462081,29.15809343,27.29848033,205.081999,374.0573354,247.7496578,33.12237708,-10.24902893
1.796210057,7.127663895,21.50435671,93286.97918,19.06073569,13.41656947,1.19902446,25.1444294,3.116710508,3.169259087,3.072201616,3.041078892,63.65254723,86.96026847,30.98781643,25.0054488,218.1382911,367.2874865,247.971336,33.1119047,-9.928360467
1.796562449,7.160221806,21.52271229,85051.99453,19.23328616,11.79158459,1.312757849,25.30161113,3.114847016,3.167223383,3.139668283,3.05926025,75.78107687,96.05930325,30.87932218,31.19159804,146.6660363,374.3959562,210.43766,48.14629293,-7.57982156
1.796914842,7.192779716,21.54106787,90828.20603,18.22324611,11.96328395,1.310033532,28.47223087,3.274537712,3.326807939,3.303449653,3.264535813,79.08468241,94.95932679,43.96014114,45.35809168,147.7481762,380.9053398,230.1876768,53.0187216,-5.019824693
1.797267234,7.225337627,21.55942345,102038.5298,16.30244313,13.45943916,1.204713105,28.9707554,3.722751857,3.774164776,3.288190834,3.296453606,81.52745479,92.4493472,48.32331728,48.21395697,211.150282,370.0900034,260.4051875,74.01692109,-2.64095734
1.797619627,7.257895538,21.57777903,94155.34361,16.94324948,12.54605065,1.20412117,27.641747,3.23111423,3.283873721,3.400767919,3.384579899,74.24416062,93.01429084,40.1266151,36.59486685,218.4280532,369.7558164,230.6488346,37.59860822,2.13607022
1.79797202,7.290453449,21.59613461,92961.26448,18.37281631,12.04234327,1.235024576,25.40718,3.232195767,3.284866871,3.39259358,3.373636998,73.76502065,95.0258956,37.26453545,39.06276438,228.1174644,362.0483999,221.4880039,32.76710761,1.786269693
1.798324412,7.323011359,21.61449019,88625.83164,16.20604168,11.74485782,1.301973468,25.14677453,3.231409146,3.28441478,3.327432105,3.323998646,68.66419565,92.08520609,43.04974923,40.5361474,218.5709346,341.7622609,203.3651799,32.09512679,2.261876867
1.798676805,7.35556927,21.63284577,93262.24212,15.09947023,11.24357423,1.300966259,26.0101032,3.231934166,3.284536774,3.286227057,3.268328976,76.7422106,93.38105369,62.91417896,74.98752894,221.598803,303.3935634,207.0342329,58.83857402,1.103104667
1.799029197,7.388127181,21.65120135,94395.39821,17.43857607,11.56317767,1.289670079,27.93030513,3.235626797,3.288296963,3.281717289,3.243086614,80.57127716,97.22515701,80.10104243,80.92279156,219.8757573,282.1428118,209.4932861,70.79023435,0.696309805
1.79938159,7.420685092,21.66955693,76071.71692,16.79337362,10.99563311,1.30297891,27.659342,3.235276149,3.287884342,3.286887891,3.297019765,85.04068831,97.06068175,39.60555766,38.102752,182.037026,265.671796,187.5987521,43.02429231,-3.509558427
1.799733982,7.453243002,21.68791251,75396.66748,21.55332714,11.98231459,1.300626023,24.55441087,3.245971551,3.297341901,3.238514408,3.087301319,67.30544353,90.14881342,31.99621578,35.7502976,162.2858359,293.595996,175.3711052,48.15301992,-2.86156246
1.800086375,7.485800913,21.70626809,73766.65355,23.54776587,13.30513106,1.304435334,27.24175393,3.24558827,3.297186503,3.209671441,3.043818131,67.00523805,91.68368772,34.57663835,35.6955339,138.8075611,317.6936931,161.4034247,43.42890454,-3.745587033
1.800438767,7.518358824,21.72462367,72826.49529,26.23455266,13.62193055,1.298692532,27.1479144,3.240108683,3.291640156,3.215132482,3.056904112,68.62330277,92.41455084,32.04651893,30.69494281,129.1150294,328.8654179,163.351567,37.78527518,-4.331350693
1.80079116,7.550916735,21.74297925,71543.7541,23.86193965,12.696116,1.297574873,26.2540874,3.239013332,3.291006265,3.206091563,3.054475602,66.07478542,98.27857701,41.84484375,44.44868321,113.1897946,303.2401505,138.913236,69.56755244,-4.232365173
1.801143552,7.583474645,21.76133483,72151.90335,23.03841002,12.238947,1.297486927,27.58427087,3.238871237,3.291179141,3.229192728,3.078219023,67.15282292,95.95891755,40.18405243,38.53873795,121.8999125,329.6613331,137.739324,48.91782343,-6.672773347
1.801495945,7.616032556,21.77969041,74365.86243,24.53818364,13.06482979,1.30057462,25.4892922,3.242157043,3.293911327,3.22294792,3.073111753,71.62933608,96.62269043,35.70290325,35.83955741,128.393591,346.5610352,148.1255873,43.16710537,-9.384029987
1.801848337,7.648590467,21.79804599,73704.74741,23.10099276,11.12294796,1.297806634,25.17844653,3.23685039,3.289403147,3.233146361,3.082947101,75.57986641,96.20784415,36.14592496,32.19594107,123.1467092,350.6407266,147.4717603,41.66098534,-10.65410367
1.80220073,7.681148378,21.81640158,86769.6765,16.08745249,9.346793404,1.302560633,15.0660136,3.253562151,3.305910938,3.27751566,3.150482346,71.76567075,87.52652381,39.32366761,37.81567459,149.8103824,381.8732964,193.4769676,58.03876757,-14.7905066
1.802553123,7.713706288,21.83475716,84356.88652,24.38184071,12.54498324,1.297513854,24.67757547,3.204202786,3.256233926,3.266068577,3.190967258,67.96162352,91.29513214,32.719281,33.82551235,122.9041415,376.5849969,204.9772684,64.21197544,-13.00766513
1.802905515,7.746264199,21.85311274,80521.25033,23.00973766,13.26840082,1.310028402,25.7790228,3.201393561,3.253258641,3.285807591,3.213472437,64.22257729,92.14462161,38.52457594,37.91749715,105.5800368,342.7586449,216.2524359,57.67466363,-9.5310742
1.803257908,7.77882211,21.87146832,79282.07022,25.27735949,13.54798332,1.297484384,25.600727,3.194827062,3.247348859,3.284725067,3.262256823,65.43882671,95.11282404,37.5542923,31.40142868,105.680574,331.7939133,217.2881331,62.65503953,-5.891794953
1.8036103,7.811380021,21.8898239,77386.75922,19.15604379,10.87987266,1.298789431,18.50172968,3.194893695,3.247491907,3.275443894,3.305451924,63.85581926,90.6866958,36.27175964,27.64153401,101.2497254,322.5618948,214.3671506,65.28519528,-38.8564162
1.803962693,7.843937931,21.90817948,90061.42664,23.44127353,12.32366383,1.295733189,24.44532153,3.223146668,3.27387964,3.286710751,3.140963274,68.7029117,95.89119586,38.1312957,33.16635799,180.33454,339.1751428,235.1284975,66.32772469,-38.73145727
1.804315085,7.876495842,21.92653506,87015.7114,22.71420318,13.70582279,1.300620176,25.04941693,3.180467808,3.231916371,3.280029317,3.221925613,71.13403644,99.18480546,41.37449229,38.40677583,165.57982,331.767373,224.9120176,61.16664564,-38.63791413
1.804667478,7.909053753,21.94489064,83869.71792,23.2942501,13.67700961,1.300243353,28.55668767,3.169820911,3.221604325,3.303422351,3.304117357,74.55465947,98.67511328,38.62422547,40.4162426,163.6478128,345.9269673,198.7488162,44.30014405,-26.74202847
1.80501987,7.941611664,21.96324622,81170.22968,19.22007128,12.39307016,1.286543085,26.1074624,3.21228263,3.264362785,3.364101881,3.380561404,67.96930617,91.66334171,45.80534628,44.98157742,173.8450438,321.6079468,177.2491282,42.9193845,-23.94193247
1.805372263,7.974169574,21.9816018,84977.98072,19.1020049,12.97140211,1.204720576,28.79011353,3.218843812,3.270983308,3.401616892,3.429995514,62.7498664,85.76271514,56.61274653,58.82201079,175.1215595,322.70852,175.0689744,57.87944414,-21.51799767
1.805724655,8.006727485,21.99995738,82701.24892,20.0919889,13.12142287,1.197261565,27.56667513,3.223826917,3.275708752,3.434910288,3.423617654,60.11119488,85.34214038,53.42153748,65.75640772,175.9206232,287.7313542,175.6802332,64.45266817,-16.82998633
1.806077048,8.039285396,22.01831296,82976.94805,18.88704496,12.36202273,1.202948157,27.6065564,3.218552049,3.270527652,3.441401578,3.473256307,65.05299935,92.40418013,66.87164413,59.97534676,163.2882918,299.8601509,170.7163383,67.88574399,-12.33727273
1.80642944,8.071843307,22.03666854,86076.67808,20.4140009,13.23021092,1.202141328,29.8974264,3.218489161,3.270280643,3.312097999,3.377646324,68.06819846,90.91151133,55.93746868,75.96172799,178.1356959,322.6787909,164.7458618,59.32718185,-17.55121833
1.806781833,8.104401217,22.05502412,72797.25339,21.34981366,13.04674012,1.205908347,26.02066087,3.22099353,3.273324003,3.24676921,3.251999055,66.41201112,93.3075315,47.18781943,52.89821563,149.997907,317.4074423,121.3562693,35.8139885,-19.2233482
1.807134226,8.136959128,22.0733797,73592.5329,22.31813805,13.27494029,1.206278859,27.500986,3.224012127,3.276170264,3.242489848,3.293807765,69.52648202,94.48333174,41.78744796,43.22049726,144.3510456,339.814121,131.186848,31.34058653,-18.23524773
1.807486618,8.169517039,22.09173528,85539.13324,21.61852549,11.672507,1.207518505,27.149088,3.224164108,3.276104804,3.257891846,3.211267112,64.70937047,85.43206866,42.95571447,39.87189782,201.7828479,336.6817053,196.7744142,30.97207117,-15.78291167
1.807839011,8.20207495,22.11009086,86843.34071,19.58004787,11.42152758,1.215628076,28.02649093,3.226232616,3.278033299,3.247281863,3.18625857,61.93562177,85.35329309,34.46496673,29.03776084,210.5224544,345.9286016,205.7491416,34.41476315,-14.21812703
1.808191403,8.23463286,22.12844644,84129.3893,21.58854363,11.78836659,1.199255789,27.83177233,3.218906686,3.271248207,3.321738734,3.272748384,61.41450463,86.64662927,37.11732625,35.99923861,200.9812332,332.0178792,196.8884371,30.9470168,-6.064551807
1.808543796,8.267190771,22.14680203,83654.31577,20.46301078,11.7063998,1.205522278,26.25291433,3.216430758,3.26887331,3.350341373,3.379308278,60.23479949,87.11283463,34.94519428,38.04494117,208.8552035,306.0357434,198.6659568,42.4017167,-6.612705913
1.808896188,8.299748682,22.16515761,88043.04158,19.81258932,11.52520678,1.199493574,26.24001187,3.219653098,3.272341277,3.334282417,3.413914429,64.78486585,91.16367922,46.87292613,49.36113398,207.7335654,316.871962,201.0919194,52.31824586,-7.185752247
1.809248581,8.332306593,22.18351319,90011.34876,23.03947786,12.65589148,1.203244387,26.59543053,3.219489824,3.272083943,3.425692837,3.467754416,67.27060127,93.51981189,62.29722038,48.59369992,210.9413818,316.7344337,208.1986912,49.90613785,-8.7553128
1.809600973,8.364864503,22.20186877,89611.33344,21.53036789,12.03603656,1.199686843,32.292692,3.223911426,3.276278068,3.289224299,3.375195086,66.48982907,90.50127397,62.66092307,52.72831483,212.3635744,306.1128573,202.3785598,56.55031865,-8.119322227
1.809953366,8.397422414,22.22022435,90753.57254,19.5840595,11.62114591,1.197233955,28.23645787,3.222518881,3.274884502,3.301815989,3.309538919,67.69822161,90.95181591,53.0291864,46.69794972,205.3524406,331.6297563,221.201636,44.19113872,-9.9391428
1.810305758,8.429980325,22.23857993,89285.21177,20.72431158,12.26188174,1.198201231,25.77433073,3.225893646,3.278359893,3.37244967,3.346758179,60.85775782,85.40734077,54.38539846,35.42608366,191.3790561,343.1320215,214.0117788,49.73671411,-11.6586178
1.810658151,8.462538236,22.25693551,88646.03033,21.18757052,14.03477374,1.199478242,24.02186847,3.224940501,3.277013383,3.458751025,3.445901993,60.50877087,87.17924166,54.61787428,33.51648667,165.2800419,371.8001234,212.8450644,43.63887913,-10.4738068
1.811010544,8.495096147,22.27529109,89138.01901,19.71722654,13.15173503,1.220532756,28.187193,3.221304797,3.274001416,3.519573768,3.516400419,64.47422722,90.93205139,45.95759892,37.67233812,196.1567997,335.6277505,226.7972094,42.70584801,-5.337138853
1.811362936,8.527654057,22.29364667,90463.8159,18.80878151,13.00945704,1.198787439,26.103944,3.220162274,3.27320673,3.336548886,3.357028286,71.82311169,95.53849987,74.18592876,57.02695678,211.1313223,293.5892334,214.9507599,52.57888057,-9.9703532
1.811715329,8.560211968,22.31200225,91445.22554,19.59066492,12.30874186,1.2073362,27.33911267,3.220496073,3.273325502,3.246425032,3.251340831,74.01560386,95.34975945,83.94757216,62.38506983,212.4384766,284.3545326,209.5846572,62.38506989,-11.26553173
1.812067721,8.592769879,22.33035783,75307.90042,22.96283769,15.04323175,1.216846579,25.5174436,3.221394877,3.273765856,3.297348249,3.280653047,73.6958342,96.36950918,62.81501818,63.05450868,159.8831847,244.1920978,163.276316,59.22806987,-13.65380207
1.812420114,8.62532779,22.34871341,72307.00415,22.73139687,14.60531124,1.237923568,27.86344367,3.218856547,3.27162868,3.288130813,3.263571801,68.74100098,95.11885991,66.57418686,58.32420094,152.8636079,245.5929886,144.1319834,56.12742282,-13.06732
1.812772506,8.6578857,22.36706899,73874.98816,22.86660232,15.35079529,1.212305848,27.9303056,3.216987533,3.269533177,3.297530577,3.275789876,65.29301657,95.45308181,57.23048532,51.97076038,149.8375505,256.7775364,161.1273931,60.24758439,-8.197612467
1.813124899,8.690443611,22.38542457,72899.48629,20.05109901,12.11723716,1.200748427,30.46985087,3.218170596,3.270727277,3.190955605,3.215719211,59.59897445,86.53229819,57.98118218,32.16949876,149.8857424,266.8942051,179.7425614,41.35494712,-10.74892367
1.813477291,8.723001522,22.40378015,71940.29362,19.26168164,13.73505304,1.182910558,28.4276574,3.222218256,3.27467273,3.278364543,3.255212407,61.41972222,82.96274554,51.27444789,39.04983663,135.7756056,272.7453576,180.7053331,37.47678553,-3.16596966
1.813829684,8.755559433,22.42213573,70065.36533,19.22017961,12.83213297,1.202078368,31.21353233,3.220442923,3.272973769,3.251038733,3.257110939,67.89733279,92.4087956,42.8966315,45.12054239,139.1636614,270.3092539,155.4351739,43.98423383,-4.174709007
1.814182076,8.788117343,22.44049131,72105.67632,17.43223901,12.17926797,1.211153544,31.43874793,3.32542067,3.37739898,3.332488103,3.334800539,72.71535001,91.59806201,34.01080776,36.20308201,148.6736868,307.4835977,149.6440851,39.21069735,-3.999623987
1.814534469,8.820675254,22.4588469,72494.54486,19.25025815,12.06419252,1.208814724,28.52384307,3.313575394,3.366604189,3.424916152,3.371169231,73.54397765,94.43709781,42.96937539,42.23635921,145.7437067,289.9837615,150.3183695,49.44553148,-5.004051373
1.814886861,8.853233165,22.47720248,74660.5202,18.69593301,13.33759932,1.216208825,31.65927053,3.31612325,3.369159349,3.478590813,3.380931601,75.25092094,92.63983472,63.21807556,52.83076505,147.9238382,272.183474,152.1358079,58.1267297,-1.856549753
1.815239254,8.885791076,22.49555806,80277.69896,16.41172794,14.42685872,1.19844105,29.049347,3.326014061,3.379141831,3.523736353,3.426003576,70.25165363,83.46976716,66.35641191,63.51877741,167.1813833,273.5312746,168.3353621,62.98523752,-2.744472813
1.815591647,8.918348986,22.51391364,88166.41748,14.64458871,15.05512027,1.156474741,32.17539253,3.974689319,4.0259687,3.44120512,3.419604211,77.65165715,72.13799721,78.21780189,87.10189493,186.9017661,257.0785102,192.8228736,79.65620593,-8.579313747
1.815944039,8.950906897,22.53226922,87324.49202,16.35335752,16.93053691,1.225161559,30.75840833,4.06144776,4.110306992,3.484220447,3.469061525,81.92932367,87.92523457,114.7650148,119.9221745,155.2455568,227.7736466,152.7358727,109.8990553,-10.11718473
1.816296432,8.983464808,22.5506248,84375.58577,14.0006033,18.27872537,1.27975471,28.53322727,4.048071883,4.097007396,3.494608477,3.440044601,89.93157457,95.54645712,113.1468787,110.3212107,161.5871465,222.5563557,143.6379334,100.1348,-17.49573133
1.816648824,9.016022719,22.56898038,85149.19941,11.96714245,15.9377793,1.203765263,30.27278747,4.054747494,4.10353663,3.681539073,3.578766445,83.12689927,86.75273846,113.2822387,116.0941936,139.947186,219.9927783,149.128388,120.7283432,-14.79666947
1.817001217,9.048580629,22.58733596,86679.21896,12.97575288,19.17346596,1.318535559,30.31736,4.051287996,4.100457882,3.67028383,3.533304435,83.3158184,91.12247376,118.8858086,122.3604388,135.6340384,213.8749463,150.3927486,134.1443237,-21.575687
1.817353609,9.08113854,22.60569154,84919.85045,13.15391463,18.0062923,1.349766482,27.8317726,4.046418875,4.095565412,3.720386498,3.582742192,87.31297007,91.36612955,120.1061952,119.8669017,144.5788746,198.8577025,148.3818737,126.3455346,-13.0286734
1.817706002,9.113696451,22.62404712,79579.43084,12.30801827,14.58356614,1.311170603,35.50201967,4.042875831,4.091785787,3.698664157,3.55426448,92.05282523,93.23702175,89.55459694,96.40974791,149.2372108,205.8692106,152.9400723,105.7008185,-16.80507373
1.818058394,9.146254362,22.6424027,81994.83604,10.44327701,16.13635908,1.297934166,32.84752167,4.046384272,4.094871444,3.657961771,3.533669759,87.54423916,88.99466173,76.13334198,92.58678641,159.9383436,205.1502972,174.1859146,113.5917787,-18.09240493
1.818410787,9.178812272,22.66075828,77504.08149,18.45805335,14.0731717,1.205993146,32.2797898,3.643480626,3.69171526,3.670799495,3.626651637,65.26353916,91.383818,113.6355929,60.72416582,136.7400993,229.2641213,157.6664114,86.14157527,-11.1382686
1.818763179,9.211370183,22.67911386,77267.79955,17.80736263,13.13720483,1.208385582,31.7883028,3.7487462,3.796624702,3.757113458,3.734765724,67.51859074,86.12659061,107.8621781,57.38944663,127.4794761,238.7269707,162.6404614,86.71142726,-10.24241267
1.819115572,9.243928094,22.69746944,76451.81329,20.37727876,13.33822006,1.14107849,25.15850533,3.742942212,3.790668647,3.737547887,3.732277687,65.58566226,86.70861086,109.0670949,50.71387818,114.853587,243.2863121,169.1993653,85.81835347,-9.1794869
1.819467964,9.276486005,22.71582502,78080.83753,21.25196534,12.75406661,1.108252852,32.36190007,3.969419709,4.019991556,3.867074072,3.910941191,75.07981295,90.07828227,74.23813603,75.10766492,136.2968398,240.9018111,171.421608,83.93943465,-5.21464098
1.819820357,9.309043915,22.7341806,79189.71038,22.61399763,14.76306356,1.12422938,31.74255513,3.971185444,4.022235835,3.849683703,3.927091283,73.58520986,88.34009401,62.83327653,81.43292114,128.545702,241.5061179,187.0414211,89.13600294,0.450663189
1.82017275,9.341601826,22.75253618,81434.45175,22.78701647,15.14701099,1.109911034,30.83934553,3.970012596,4.020962865,3.933926923,3.955264857,75.94374882,92.24135635,61.56209556,80.64014349,149.6410826,255.5167508,185.1844762,79.63996092,2.050724
1.820525142,9.374159737,22.77089176,80858.90041,23.16049418,15.11252555,1.098764115,34.27271613,3.972137339,4.023466885,3.904117036,3.946330119,69.69995356,87.71504506,59.94314153,88.27459867,166.7858451,246.5610526,160.9963811,83.64443008,-0.262806742
1.820877535,9.406717648,22.78924735,79599.43299,19.76344744,14.48316715,1.113084051,29.30154207,3.971201342,4.022432926,3.784599347,3.924407796,69.13457524,87.10022761,59.80478176,79.92060547,154.9228946,256.9650457,159.0688381,83.14385477,-4.13907378
1.821229927,9.439275558,22.80760293,79102.15827,22.39038214,14.14835261,1.187548496,31.94782993,3.97435206,4.025409076,3.81069456,3.92861679,67.56752177,87.85792532,83.17563541,78.68383368,157.6306142,253.1196675,149.1802203,71.95239606,-7.667002033
1.82158232,9.471833469,22.82595851,80285.63076,22.70359265,16.42314584,1.199391151,32.13551127,3.970038241,4.021697481,3.836890074,3.990322327,67.0256323,90.33859871,97.06593669,85.31239379,159.0812413,246.0544063,139.5350007,81.07183829,-11.88588687
1.821934712,9.50439138,22.84431409,78453.69952,18.84457326,12.94044953,1.104771652,29.75432073,3.967078791,4.018385541,4.03072972,4.013219988,84.92188171,92.40765554,79.67453636,82.3933695,151.6866145,255.908659,135.4928747,81.52523614,-6.737467
1.822287105,9.536949291,22.86266967,75858.13134,24.54230708,14.52538968,1.104113863,32.14137527,3.822363182,3.871681142,3.828809313,3.840255605,78.247618,90.6563414,64.92020019,79.10725087,145.732668,253.7514147,134.5405927,80.28161603,-14.24055993
1.822639497,9.569507201,22.88102525,81849.8677,12.9100504,9.22083994,1.14094534,32.1712872,4.603323677,4.649014256,3.809420293,3.905992414,78.12484563,77.25583488,119.7403627,111.7199851,137.1595805,220.3945969,131.0999968,107.98683,-23.14716253
1.82299189,9.602065112,22.89938083,82066.65494,14.01020839,13.04051304,1.162312149,32.20119913,4.391973045,4.438979971,3.958376156,3.812603034,93.56891241,91.06564369,120.7442677,110.5495802,133.7983294,213.3625084,133.5550179,118.4323854,-28.34506893
1.823344282,9.634623023,22.91773641,82479.77749,14.95718119,15.88238028,1.191429014,32.19650627,4.386846402,4.434470481,4.051061779,3.855401138,94.3520473,92.4320565,115.6251426,115.4043403,138.2430564,219.7268521,128.7866847,115.6850218,-32.54031093
1.823696675,9.667180934,22.93609199,83677.80308,12.70367226,16.19149872,1.196822006,34.11905227,4.38411387,4.431757427,4.011841244,3.808901045,88.12621183,88.73658053,145.4515629,119.221741,119.5027037,193.6985341,136.5436235,136.6921152,-31.86701473
1.824049067,9.699738844,22.95444757,85642.24038,13.92752616,19.76760139,1.211886149,33.9395834,4.381726723,4.429276732,3.86498515,3.737348928,78.35028583,85.20430619,163.7690033,129.344532,118.4432593,194.3685167,129.5419632,140.1823306,-32.44202107
1.82440146,9.732296755,22.97280315,83607.53595,12.43849299,17.07410625,1.205517057,35.33075993,4.380671801,4.428275521,3.755478567,3.726235138,88.35087454,89.96844561,173.8729106,128.9156192,110.8764722,167.0777608,129.6678027,145.823292,-30.17807847
1.824753853,9.764854666,22.99115873,89151.46644,12.66059853,20.86815521,1.20177364,36.1952638,4.379251142,4.426938858,3.766297161,3.705350447,87.64521789,91.0361576,181.1563425,129.2437257,114.0424081,191.279148,139.8357722,156.5174382,-25.67194593
1.825106245,9.797412577,23.00951431,94612.09659,13.26631853,22.98935519,1.200730982,34.65922007,4.370793122,4.418745244,3.956705448,3.779824294,87.95790277,92.24912885,184.3660004,142.6864266,141.4943861,194.5056553,149.0831843,154.251889,-21.84420713
1.825458638,9.829970488,23.02786989,95113.28445,15.03253503,21.85902625,1.186614712,33.12317633,4.373651537,4.420968788,3.984686656,3.747674918,86.99390193,92.70568473,172.6592394,152.4553688,144.1013244,192.4888122,153.1167529,154.1832153,-26.8186978
1.82581103,9.862528398,23.04622547,97338.09195,14.48790772,23.39951907,1.208472891,31.5871326,4.365205424,4.412941885,4.011785144,3.727812424,84.7413862,90.99959876,190.5491133,159.9474095,148.4993626,177.2119653,152.2838778,165.7063238,-15.50156933
1.826163423,9.895086309,23.06458105,96143.83709,14.76156678,26.41151972,1.248828324,26.60364173,4.361065963,4.409095035,3.915005792,3.655989594,81.27357322,91.8021685,187.2386544,166.2366034,139.930398,174.9415638,150.1700024,163.4709232,-14.3421374
1.826515815,9.92764422,23.08293663,94948.98293,12.29493631,22.57884745,1.198746779,21.69874182,4.36027832,4.407668295,3.836733199,3.696158918,83.56260093,87.40718824,170.6436871,156.0204792,143.9157771,176.254735,152.5455515,167.5823227,-12.55389977
1.826868208,9.960202131,23.10129221,106229.0413,13.14002448,25.53500719,1.3032035,16.7938419,4.350906535,4.399022544,3.916510796,3.90163655,84.05830471,93.01008827,152.0948596,125.1390361,216.4541727,234.1398829,207.7887927,138.4901773,-9.219502667
1.8272206,9.992760041,23.1196478,114518.8427,12.53652837,20.10710776,1.298103846,23.03185613,4.370294883,4.418373009,3.801882758,3.773602344,85.22952321,92.79368312,288.2757807,236.7028441,196.9868201,180.9854167,143.6106464,136.4412879,1.328599493
1.827572993,10.02531795,23.13800338,118735.1269,14.70591233,24.11475091,1.320061647,22.97789853,4.367684523,4.415393077,3.698486654,3.668567044,81.4210419,93.37493009,272.2432418,226.4605957,183.4891371,206.650319,158.9706916,173.1162328,0.832896757
1.827925385,10.05787586,23.15635896,121062.477,10.39621729,19.84409615,1.304373875,26.27285473,4.367476603,4.415558476,3.845004331,3.831950067,87.1420528,92.83523514,262.5074254,193.3825514,192.3875753,240.0707047,169.1340517,184.1931969,-4.174003367
1.828277778,10.09043377,23.17471454,123516.5848,14.14110996,23.73734965,1.29869101,23.5421116,4.363395465,4.411041832,3.781329354,3.767472929,81.96077957,94.89313734,255.0179457,197.3423181,195.9396155,241.1404055,184.978676,189.8255345,-6.364817787
1.828630171,10.12299168,23.19307012,127731.0532,9.539985081,20.16027134,1.343624547,24.0711342,4.365508766,4.413283542,3.882433135,3.864862175,84.39194772,91.02847561,242.6564297,177.6402146,190.7126919,283.9777071,204.1326877,204.2280363,-6.830918647
1.828982563,10.1555496,23.2114257,131960.3671,10.47482429,22.32824839,1.299662259,23.086987,4.365227675,4.413219195,3.878512089,3.866952063,85.57592494,85.28718797,242.1625587,182.8574066,194.6746893,285.2632733,236.0670304,203.5610177,-7.37813704
1.829334956,10.18810751,23.22978128,129806.3388,12.58237256,21.27604638,1.300600771,23.64709487,4.363055361,4.410967099,3.820630337,3.801852934,82.77021616,85.18256434,249.4763722,173.5025898,205.1418049,278.8606216,241.5816217,176.5001278,-8.149511793
1.829687348,10.22066542,23.24813686,118205.2341,16.6730004,12.15111131,1.300779683,24.20720273,4.377128234,4.424607485,3.619684047,3.624083751,81.62826463,83.57647964,267.7587059,137.1938514,159.1027428,257.5467714,212.9044217,180.3362007,-24.18400147
1.830039741,10.25322333,23.26649244,115488.188,16.28357226,17.72091289,1.298169328,22.75033667,4.3662429,4.414639487,3.723875485,3.694761989,82.87261189,90.68258415,255.2066004,142.1273494,138.1785975,250.0398743,222.5073445,177.5877825,-21.352972
1.830392133,10.28578124,23.28484802,114574.8788,16.84341164,21.52414505,1.30650286,23.3239332,4.362872199,4.411090987,3.751306815,3.726048759,81.12334584,93.39597277,263.8742614,137.5661649,137.9366048,253.9953809,228.6028053,156.5176443,-17.25188473
1.830744526,10.31833915,23.3032036,106178.7969,17.32931286,20.51322427,1.29808893,23.16440507,4.357914988,4.406677514,3.701685291,3.672866056,78.78505712,94.57921914,258.7371449,123.4034242,136.4026017,256.0642104,224.4333652,95.79638054,-8.9387687
1.831096918,10.35089706,23.32155918,106606.5558,17.63004443,22.26634387,1.251970931,21.42836507,4.356067538,4.405064445,3.864315186,3.833629982,78.90646923,91.79479311,250.43924,109.3150279,159.1308889,268.6065505,192.2687972,117.7024964,-7.8626447
1.831449311,10.38345497,23.33991476,106735.5413,16.61079697,19.35355727,1.281056066,26.146172,4.358766769,4.407042541,3.850797209,3.818355193,77.57963834,89.55606425,267.765264,108.0079852,172.7733388,263.9538462,181.0558406,108.5273075,-8.291777327
1.831801703,10.41601288,23.35827034,103833.4888,16.17208985,19.15976917,1.349505052,23.63712473,4.359994199,4.40830752,3.744216133,3.710024633,75.05467402,84.44979483,274.6864173,100.0739787,155.4288683,261.7535749,166.9632211,116.2012258,-6.580014507
1.832154096,10.44857079,23.37662592,99326.82499,14.87266323,12.44190125,1.245773116,25.424778,4.369349489,4.417108124,3.6833355,3.645686052,87.28194974,63.77216389,253.3924925,103.2650247,164.9605997,244.2878716,162.6499037,97.93736193,-7.704916807
1.832506488,10.4811287,23.3949815,113275.9403,17.03382389,19.5782651,1.307755958,26.14265307,4.366939588,4.414805311,3.7368476,3.69269824,84.02321449,66.35495719,307.9596299,123.210479,153.817664,257.4557579,172.1875035,159.8765673,0.017171977
1.832858881,10.51368661,23.41333708,116176.8613,16.01827454,22.17434197,1.301578051,25.653511,4.361054484,4.409229803,3.747764387,3.69879722,81.85130545,67.94189058,292.1666477,143.9895957,147.6428742,291.1136179,166.7793684,157.8951291,-0.453517344
1.833211274,10.54624452,23.43169266,121066.2256,12.65918588,23.25114443,1.302946607,25.28988127,4.353757858,4.402247575,3.761365658,3.703882342,77.84339327,63.52817766,266.700578,163.0673475,175.5039793,303.215465,168.897062,165.0816539,-0.01758439
1.833563666,10.57880243,23.45004825,121381.4758,15.56633251,18.05265008,1.286124809,27.56784807,4.354294485,4.402526994,3.856050351,3.816465817,85.24155584,64.40951766,312.170782,161.8347719,160.3025403,293.49976,157.3916843,169.4048888,1.463520967
1.833916059,10.61136035,23.46840383,122627.657,15.49842808,20.59095688,1.296699432,22.31984553,4.352857593,4.401419497,3.785214383,3.725872024,78.49170864,91.844916,187.0931316,242.6168161,186.7021878,226.4906305,176.391651,222.7149531,0.59794973
1.834268451,10.64391826,23.48675941,97874.6291,18.41911488,14.15195171,1.234895133,27.0141912,4.04365994,4.093902242,4.093584304,4.057300457,74.32361338,74.00224589,151.3873641,141.9926605,184.6543006,220.8135387,181.3900969,111.6331307,-1.82522679
1.834620844,10.67647617,23.50511499,99773.93565,18.19215795,21.03110023,1.303104791,30.89037024,4.314251178,4.363158181,3.871600821,3.830027162,80.71612759,67.33001903,176.9356571,167.1505112,161.9271796,211.164554,157.6056482,140.8058294,-0.217167853
1.834973236,10.70903408,23.52347057,111252.9992,14.23587004,21.7229369,1.269739881,34.76654927,4.435147746,4.484670319,3.956247121,3.903217032,84.46778789,67.76221308,181.4491522,208.3075159,154.7155987,206.4722567,158.7609158,219.6000708,-3.894461453
1.835325629,10.74159199,23.54182615,116374.4192,14.73157706,21.31179847,1.296905912,33.04341227,4.446089925,4.494631311,4.025472602,3.969600361,90.80866677,68.74693618,218.8619616,191.6406142,165.5500677,214.3165288,181.4119725,214.9715892,-3.343164413
1.835678021,10.7741499,23.56018173,116378.5773,13.14137166,21.4716926,1.151621842,31.32027527,4.434858934,4.483810333,3.849834378,3.749406542,81.63011866,66.23634594,229.9141622,191.0547974,167.0772449,202.2163944,189.6023923,208.7262197,-2.127824113
1.836030414,10.80670781,23.57853731,114125.2904,12.65008361,19.93349687,1.295706572,29.59713827,4.43651406,4.484485789,3.789590422,3.780449385,83.1374082,69.62776077,240.6306263,193.8850625,171.742508,194.0720369,174.1453845,194.7879596,0.977909542
1.836382806,10.83926572,23.59689289,112865.879,14.78982388,21.02264394,1.284210918,23.6371244,4.431767576,4.481026471,3.982406854,3.974608885,88.02008892,73.14874695,209.9237781,212.4337487,165.6049478,202.196697,154.6270539,206.088114,1.240935323
1.836735199,10.87182363,23.61524847,111956.2232,15.64872168,24.26126356,1.272044849,21.99140527,4.429209299,4.478103545,4.003528095,3.997636271,89.57142156,72.43081384,194.2224179,210.2649638,151.5456365,203.9747197,156.8306355,221.8993255,-0.305690328
1.837087591,10.90438154,23.63360405,113127.2697,13.48381719,23.67936877,1.284566265,22.40430167,4.423507555,4.472516817,4.024275092,4.018259854,88.03510667,75.17067209,195.7984439,202.7360509,147.2200516,204.6979926,165.6249243,234.3285468,0.756244816
1.837439984,10.93693945,23.65195963,109981.0756,13.1336684,25.36770644,1.303949073,20.94156993,4.422229626,4.471584503,3.699276779,3.691299269,86.64420326,73.95674374,214.2862349,201.5865865,160.8856011,213.0144332,163.7680064,169.4544688,-0.37216326
1.837792377,10.96949736,23.67031521,106844.5931,12.59035482,23.04227301,1.296774878,23.320415,4.332811484,4.381690729,3.62656456,3.614647209,88.72474433,76.10200997,236.9245959,180.2380021,154.2224653,189.4031017,156.1077293,179.7871551,-0.453987789
1.838144769,11.00205527,23.68867079,109005.1088,10.05543581,20.79662915,1.300534848,33.739002,4.349764872,4.397293551,3.82176249,3.808820226,84.93873556,65.60506764,224.1197379,178.1790587,163.7592389,216.93414,158.1804054,173.8287468,-0.414900303
1.838497162,11.03461319,23.70702637,113555.634,10.43722208,23.63110589,1.300521451,24.2388734,4.351457789,4.398895373,3.682082492,3.664080237,91.85953684,77.73876997,190.4444727,179.5010479,230.8154576,261.8698431,164.0263251,126.8177179,-4.011022627
1.838849554,11.0671711,23.72538195,113954.8563,11.22325072,23.54379244,1.301581707,21.659447,4.349194625,4.396536738,3.811633972,3.766459258,85.88946595,70.47092951,181.1124059,152.8343561,232.66895,271.8382699,177.9734202,138.7817341,-5.725430247
1.839201947,11.09972901,23.74373753,113943.0395,10.45629871,20.34817777,1.300436485,24.83710353,4.35685373,4.404143369,3.750421254,3.739328166,89.67539254,71.02744773,177.1932837,163.5346074,226.254134,279.3897558,180.1318256,128.2891713,-11.49219857
1.839554339,11.13228692,23.76209311,107735.8878,8.429862619,15.48506154,1.301649437,24.07582747,4.35718322,4.404531173,3.787567897,3.775709904,93.44393187,71.64232346,167.8820766,133.863135,196.1414023,281.7714028,178.0121597,134.4654208,-16.29217027
1.839906732,11.16484483,23.7804487,108819.5848,8.818205623,16.10535792,1.29592866,24.68695933,4.361017953,4.408569518,3.808892535,3.799047692,96.2083702,73.74381195,151.9531993,115.5923995,150.2820192,290.7090859,205.8590615,184.8427203,-17.46779433
1.840259124,11.19740274,23.79880428,106609.5479,8.600684776,14.74545828,1.301595695,22.19668027,4.358683507,4.406394624,3.741196471,3.727191076,94.60707453,71.71480066,158.9222275,103.9431094,119.5280842,286.7939943,225.1682468,184.8055834,-12.51936587
1.840611517,11.22996065,23.81715986,105903.7938,9.375549215,12.9501426,1.301933391,28.03470187,4.362551007,4.409309205,3.761574203,3.750923238,95.49680407,70.76318177,183.0268764,121.698279,127.013713,265.1266267,205.0389245,175.0562686,-9.823290067
1.840963909,11.26251856,23.83551544,104974.4167,9.55375822,13.40782354,1.295662528,24.47112713,4.339924465,4.388179601,3.73831578,3.724425877,95.63499166,74.98127706,177.0991772,146.3838885,154.1391722,251.9381245,177.8816436,159.2999186,-6.706563313
1.841316302,11.29507647,23.85387102,106332.7442,9.213918945,13.58542531,1.302795483,23.01308847,4.340399906,4.388572306,3.805902026,3.78859671,94.31676276,74.24471257,172.6205173,182.5459761,179.0834209,206.9335721,162.6715763,175.0741741,-3.87017316
1.841668694,11.32763438,23.8722266,107606.4329,7.995680134,14.79177573,1.322750436,26.6470424,4.340566076,4.388449258,3.793977316,3.771346817,96.94251819,72.46101019,239.1632044,236.0913074,166.2806045,143.8395288,143.7691487,175.9493407,-4.85635742
1.842021087,11.36019229,23.89058218,116487.8532,7.793750449,16.69781978,1.299739945,27.254656,4.342020457,4.389740214,3.769221456,3.741798833,97.69257026,72.4331187,283.6030029,275.167781,156.4092239,135.1892062,156.8157945,193.8391564,-4.931265173
1.84237348,11.3927502,23.90893776,113364.6436,7.899574985,16.22016626,1.314417168,23.80251807,4.34263254,4.390653852,3.799169905,3.770133003,94.22471899,71.4908058,244.4889525,242.0346464,166.3627732,161.5898563,167.7102729,180.3997254,-3.8773323
1.842725872,11.42530811,23.92729334,101671.4167,8.822142613,12.50715961,1.301024523,28.187193,4.348948955,4.396501813,3.7531611,3.732124641,99.09193271,72.19458057,190.683735,173.9470345,163.8822342,197.0627757,173.725141,137.6883002,-6.14445838
1.843078265,11.45786603,23.94564892,99103.25624,9.46956564,11.97206975,1.302857664,26.50393673,4.345444998,4.393414944,3.793910581,3.776833837,96.24575394,73.25913954,166.7218047,127.017661,185.3199333,217.6509467,192.3185585,117.9254565,-5.913599707
1.843430657,11.49042394,23.9640045,102566.4261,8.766935994,13.31472016,1.301100436,26.14969027,4.340997819,4.389276192,3.794759411,3.771618729,95.15344634,70.86768189,151.1258594,155.1700799,205.3482678,244.6026585,163.5589352,117.9246002,-2.7699866
1.84378305,11.52298185,23.98236008,102116.6404,9.309597467,13.59929357,1.311274166,24.9532316,4.340930799,4.38913814,3.809943368,3.785513449,93.92945971,72.21499856,153.5166595,169.3190814,188.9818742,240.5102062,143.2872335,138.0904034,-17.34775447
1.844135442,11.55553976,24.00071566,104160.4958,7.937926945,13.5216776,1.308587033,27.39893547,4.340365013,4.388401265,3.76674173,3.74033327,96.29284924,72.52253944,145.1396615,176.1615026,208.0010921,244.7946713,148.5251449,129.6618211,-17.0859336
1.844487835,11.58809767,24.01907124,105955.8782,8.563680966,13.18180511,1.301194085,27.3332478,4.338075665,4.386480047,3.768914177,3.737926272,96.35403726,75.56159469,129.0246153,167.1384565,214.335705,268.1420509,168.1858546,119.9002159,-21.024717
1.844840227,11.62065558,24.03742682,109311.2051,8.717652012,14.11521642,1.311971993,24.509838,4.342003745,4.389779924,3.764873607,3.733555999,97.61450393,75.65987159,115.6248131,150.6389787,217.5680396,275.8161948,204.8219734,132.4684659,-13.50388237
1.84519262,11.65321349,24.0557824,108121.7386,9.300778657,13.17325763,1.288768442,30.92145573,4.335047211,4.382951265,3.733501373,3.722460347,96.77912672,70.65720391,114.5585768,177.0208065,195.7820034,274.4861307,189.1305503,134.1970491,-15.12966123
1.845545012,11.6857714,24.07413798,102424.7336,9.740808295,12.9621469,1.308208368,30.386568,4.336894432,4.385018063,3.723517176,3.718796553,94.58087188,70.55742338,108.7740882,157.5745842,173.8305951,270.4725211,176.207013,141.1135294,-10.0989139
1.845897405,11.71832931,24.09249357,101841.2287,10.3219698,13.66796594,1.302500835,27.043516,4.339419392,4.387576323,3.710338506,3.703565951,91.79359958,70.1554029,110.2718283,145.9106637,162.4170523,281.7318278,177.2380774,145.0956114,-7.79679
1.846249798,11.75088722,24.11084915,99260.83416,9.949777677,12.51990955,1.303397468,25.583132,4.349271557,4.397623813,3.749820293,3.743173476,96.79146695,76.20804029,114.7490507,156.9712088,163.892347,225.4864462,170.5845242,166.253262,-3.1525599
1.84660219,11.78344513,24.12920473,101886.2654,9.346455724,13.64478509,1.306036979,24.55441087,4.340372547,4.388892318,3.745714287,3.738143523,97.05543473,74.52532233,140.5901533,171.1707024,165.3737461,199.7996109,170.4633846,181.6019688,-0.672110714
1.846954583,11.81600304,24.14756031,100025.6159,10.27887881,13.24906361,1.301969115,26.67167547,4.336484193,4.385083074,3.701145177,3.691606621,97.75308637,72.10723259,164.9472621,166.3364059,163.6660492,176.4073608,166.8546303,177.2186304,4.357348007
1.847306975,11.84856095,24.16591589,107748.4093,8.50806703,14.2952827,1.307599352,26.181362,4.335991492,4.384572075,3.668299059,3.656315188,95.96621943,73.84788316,186.0941342,158.5683985,160.6496662,191.5104469,197.7458321,201.2259149,6.116142707
1.847659368,11.88111887,24.18427147,112820.5555,7.465888369,13.75830302,1.30206165,25.388414,4.337976791,4.386333568,3.659246733,3.644889335,97.9256386,73.52393651,214.8417957,178.124638,173.0204539,192.0859715,193.3907547,199.5980729,5.974912
1.84801176,11.91367678,24.20262705,109812.9001,7.781217023,12.62759791,1.298509352,27.8388114,4.335567534,4.383814909,3.691873299,3.676783646,97.14938341,73.03157591,232.0876996,199.9411224,193.5258081,181.4000756,157.9634814,160.338523,4.51468842
1.848364153,11.94623469,24.22098263,103505.5493,11.93484504,10.36027628,1.29847604,31.66543078,4.227014987,4.275599287,3.967904344,3.970482566,91.76952493,77.26084162,167.0766321,140.3914914,185.2255011,257.5627911,194.0886874,106.122135,-0.758897691
1.848716545,11.9787926,24.23933821,99041.99416,10.85440013,11.70536963,1.304055856,35.49205016,4.171457065,4.220023686,3.581059356,3.568455083,90.50516042,74.42272502,130.8261332,124.5576569,201.9085371,242.1754781,191.4856348,108.2863301,-2.8383303
1.849068938,12.01135051,24.25769379,100021.7725,10.08784523,13.75847829,1.306220034,34.2269696,4.177872545,4.226829885,3.594583525,3.576270431,86.44910776,71.60264427,136.3070056,135.4743752,191.275581,242.4651173,186.5462928,117.8841378,-1.6592402
1.84942133,12.04390842,24.27604937,96021.37999,9.879081367,12.75009913,1.301832554,32.198853,4.167656377,4.216354191,3.551372774,3.52290615,94.41524393,76.02693202,129.0982327,133.8023678,179.1284557,227.1861483,186.2220618,113.6797597,-4.049029987
1.849773723,12.07646633,24.29440495,100054.7794,9.625123738,12.57302228,1.294011006,30.1578325,4.24292945,4.291903472,3.701048211,3.670249794,95.82111785,79.05524437,119.458825,142.4000322,184.7581295,210.459153,207.4515472,142.3604997,-1.519083007
1.850126115,12.10902424,24.31276053,101813.4516,10.55750646,12.58582153,1.301977649,28.116812,4.430345536,4.478420054,3.851579621,3.815951268,90.05739388,75.59440782,140.3739962,137.7007706,222.8289245,202.6487905,220.6662115,104.240081,-0.977801409
1.850478508,12.14158215,24.33111611,103692.2163,9.804787369,12.03037043,1.301575927,29.25227573,4.439984143,4.48835651,3.819449974,3.793672061,88.55440754,72.36900111,178.515533,163.4514032,181.9154398,208.2025214,174.0302949,148.2804029,-5.594250707
1.850830901,12.17414006,24.34947169,105942.8411,11.46921079,15.68892058,1.305713142,26.2505676,4.448076839,4.496405222,3.860578259,3.841870644,89.10824265,73.3600754,177.0334025,166.4077012,187.3138863,231.3317159,156.5851849,157.5101183,-6.601504307
1.851183293,12.20669797,24.36782727,109707.7457,10.63042615,15.85586999,1.347810005,27.83060087,4.556593292,4.604401743,4.010712988,3.9770978,85.94005188,75.47283139,180.908054,150.850202,175.3516839,208.4534858,212.0237171,186.3144635,-8.2294288
1.851535686,12.23925588,24.38618285,114765.7866,10.75553995,17.42460271,1.314197763,30.169562,4.619118833,4.666077485,4.048505309,4.031515689,83.43357383,68.22159865,204.0457834,159.1874898,181.8273804,227.0476339,198.0900452,198.121435,-9.773100667
1.851888078,12.27181379,24.40453843,121974.7193,8.050079036,15.00925077,1.309766545,27.30509647,4.615381801,4.662397528,3.993729458,3.961383581,85.63931511,71.4233527,216.0275972,177.9059519,169.7721451,234.520155,216.1601601,226.6448398,-10.83905187
1.852240471,12.3043717,24.42289402,123820.9093,8.770143825,17.29193745,1.35007518,26.638832,4.615923008,4.663193597,4.074903339,4.030232902,81.89404777,74.64718938,188.2257122,176.2232299,176.8396728,230.5708405,258.862397,223.3703311,-11.01206263
1.852592863,12.33692962,24.4412496,123635.1597,8.57275058,16.35706063,1.338529961,28.76665313,4.615681112,4.66261989,4.023452582,3.985560811,87.07673221,73.91945077,172.4036764,142.0331155,177.8567651,218.0718264,291.2577647,247.2107021,-12.70222973
1.852945256,12.36948753,24.45960518,122088.7334,9.84548284,14.8573374,1.347787306,29.3261752,4.615615758,4.662350235,4.021213056,3.989567975,85.12577608,71.2544708,185.5322509,154.5184925,162.8301033,236.3769943,241.3301566,255.6577368,-7.964453187
1.853297648,12.40204544,24.47796076,117967.0014,8.264854153,13.60583412,1.340036059,25.741486,4.611899551,4.658911514,3.975112592,3.95203868,86.86248076,70.95785314,194.9984344,147.7497474,172.4796974,243.4245193,220.4082697,218.9075541,-6.459437833
1.853650041,12.43460335,24.49631634,115579.5471,8.701002659,15.67128934,1.35047106,25.93620487,4.610876368,4.65818812,3.965622225,3.939649633,88.52299995,71.90637086,191.9311725,141.6693635,192.638073,251.1045087,214.7654492,181.725427,-2.346294393
1.854002433,12.46716126,24.51467192,112981.1332,9.585136069,15.43589673,1.349088763,27.265213,4.606141619,4.653061387,3.974431745,3.954911084,86.7174153,70.37852907,192.788123,172.2331588,180.1617201,209.0061213,203.1103127,191.079435,0.64246804
1.854354826,12.49971917,24.5330275,100966.6812,10.30963809,10.59886007,1.334560545,28.27399413,4.468518476,4.51548692,4.003920297,3.993018169,85.51746123,70.16947524,163.2218492,137.6067249,188.554206,215.1078451,192.3359993,127.8298458,1.582825745
1.854707218,12.53227708,24.55138308,102803.493,10.8041502,12.83751704,1.352340992,26.74792107,4.611793207,4.658279748,4.027067534,4.000618273,85.49477427,73.52510436,174.3184468,126.7735143,198.1246304,223.8773686,195.1472368,126.547401,-1.503497533
1.855059611,12.56483499,24.56973866,101305.5685,10.86350431,13.21950254,1.34608278,27.1690278,4.613513596,4.659657634,4.044380085,4.024500315,85.81968905,72.70783161,163.4368422,139.5515315,190.0793484,222.6049071,190.7861544,121.524705,-4.029618333
1.855412004,12.5973929,24.58809424,99866.15862,10.17145697,12.39204835,1.349747333,26.97430987,4.615083355,4.661023345,3.96887671,3.958413622,88.42265219,72.65628747,157.1585998,139.0992525,160.068043,233.226426,174.8369961,148.1934555,-5.254432827
1.855764396,12.62995081,24.60644982,98152.03151,9.754077163,11.33132691,1.340517981,20.44421833,4.49443174,4.541627011,3.92305373,3.913382363,87.35334384,73.43248225,142.9868915,137.5794338,159.5343888,244.9294176,161.681812,146.1838464,-10.08955093
1.856116789,12.66250872,24.6248054,100108.2443,11.01243424,11.35913284,1.336572213,27.8634442,4.490226386,4.538276332,3.857962801,3.850340619,84.93151626,75.69700747,164.6989999,134.1029373,148.0641428,246.1935255,167.1420216,156.1723821,-9.462030467
1.856469181,12.69506663,24.64316098,103560.6726,8.298583909,11.84687114,1.343832673,30.45695,4.488893541,4.537108895,3.833599593,3.824373213,85.66779153,70.55682038,183.9759138,138.6566699,149.2620605,237.9094887,175.4939906,168.8982818,-12.32526667
1.856821574,12.72762454,24.66151656,107586.417,9.597451561,13.7936016,1.349964585,27.71799207,4.495109136,4.542883592,3.883762423,3.861891028,85.06445366,72.53422781,223.6702144,138.3174471,132.0847085,207.309561,193.4783234,206.877223,-13.16003
1.857173966,12.76018246,24.67987214,103259.2811,9.085583071,11.49547685,1.333286984,28.5344,4.458985162,4.505752263,3.809924315,3.798374628,88.80374306,71.3550106,188.6633365,115.5589909,133.009283,213.2398703,199.644765,202.0870686,-29.070885
1.857526359,12.79274037,24.69822772,104112.1503,8.367446177,9.63024522,1.351848148,26.67284713,4.456598232,4.503831854,3.873407389,3.859795656,87.86182532,72.60660941,197.604745,134.9560976,150.7156982,210.2478311,204.5442306,164.1208787,-35.18546093
1.857878751,12.82529828,24.7165833,108485.6632,10.70280729,10.0012459,1.354054138,25.3989708,4.457389629,4.504712971,3.807915042,3.804306084,86.56893919,72.7267073,164.5659563,102.7728277,183.6809982,243.5651948,236.8954836,167.2905471,-30.57580447
1.858231144,12.85785619,24.73493888,107537.0906,10.06472112,10.60715331,1.346203004,26.023006,4.447464034,4.494943029,3.84001378,3.835980724,85.20959116,71.48190497,171.3989471,104.6525548,171.046447,242.5774777,246.4111295,154.5574116,-26.53754727
1.858583536,12.8904141,24.75329447,112126.8903,8.304953742,9.662614504,1.350949118,27.113897,4.445682157,4.49324028,3.88772755,3.884518025,88.81595092,72.11148715,176.2685539,126.6733047,165.1755837,235.409864,247.1779267,186.0880736,-23.81464113
1.858935929,12.92297201,24.77165005,117286.4946,9.393595637,12.51075835,1.347858274,26.43472993,4.444822217,4.492453129,3.894808199,3.897682418,89.64549433,71.99630677,213.4101108,178.5389751,189.5874935,214.6126399,213.3480094,185.4812995,-23.0105902
1.859288321,12.95552992,24.79000563,115728.3077,9.34499993,12.46693152,1.352164578,25.952627,4.43779198,4.485883672,3.856809076,3.836894542,86.11102589,72.34057789,221.6237076,194.4011355,178.383654,190.4415251,194.0131689,202.6880051,-23.1215268
1.859640714,12.98808783,24.80836121,111730.3464,11.14678313,13.48197349,1.336417718,25.26407573,4.43530577,4.483050777,3.859528624,3.840229367,84.64703229,73.61146534,223.2775538,158.3014369,163.3922415,186.4065716,195.6956795,215.485092,-27.11045933
1.859993107,13.02064574,24.82671679,112016.7191,9.007373623,12.56797401,1.350111662,25.8447108,4.426087276,4.474031039,3.834603983,3.805979734,84.06167267,71.64868471,216.7481211,180.6317552,165.4781908,180.694574,183.1686947,217.0660958,-28.06831867
1.860345499,13.05320365,24.84507237,109877.2916,9.671184038,12.01867025,1.353758473,22.47350893,4.436146962,4.483886939,3.881853437,3.852563751,89.13883191,74.93662204,209.0401212,177.0482367,159.9581412,179.7461913,184.3183942,211.1225528,-31.52827313
1.860697892,13.08576156,24.86342795,108866.3599,9.834285412,12.93106379,1.348505115,23.28522553,4.43428393,4.481983038,3.927149424,3.878222973,90.28700103,73.17205289,205.994053,162.4362208,131.9275314,173.8827303,190.1250346,246.3400952,-29.6485566
1.861050284,13.11831947,24.88178353,112454.5052,9.477596718,13.68222524,1.356113997,23.21601727,4.432472928,4.480277211,3.917409005,3.845548802,88.12227781,70.58855147,222.8869547,115.1511306,114.171849,185.6441816,236.4017173,275.0726494,-26.7690564
1.861402677,13.15087738,24.90013911,109737.6616,8.809487638,13.59413456,1.35011606,23.3180688,4.430160995,4.478183952,3.871217427,3.812715029,88.21104143,72.95709603,209.9248155,140.5487541,147.7417738,193.0667504,213.0141621,215.6693841,-23.41219593
1.861755069,13.1834353,24.91849469,107363.5425,10.09973633,15.29034439,1.354379874,24.10749847,4.426150511,4.474230462,3.833550543,3.797963102,89.01539384,73.29907302,161.4688587,116.6659555,167.0485441,239.2371998,243.8030277,158.8387613,-22.128326
1.862107462,13.21599321,24.93685027,101996.8639,9.871779173,13.53277111,1.35096506,22.9849372,4.430119912,4.477944708,3.841914179,3.826871823,84.8564588,70.1713765,118.5273092,104.0668082,193.2797178,221.9648529,227.2990986,160.650849,-18.376093
1.862459854,13.24855112,24.95520585,103335.0117,8.997669742,14.85902218,1.354074702,23.15619513,4.428688369,4.476935787,3.884755436,3.868840791,86.53340528,74.77476844,110.6452794,123.4967347,204.4166728,227.4820611,214.0330186,157.2202541,-14.5911912
1.862812247,13.28110903,24.97356143,100128.3838,9.859853303,11.98940576,1.350750426,24.1321314,4.442886386,4.490349011,3.777976934,3.795628773,86.01336661,72.72900221,127.5135437,126.6125188,208.8728297,212.9159072,205.3401416,128.0768442,-11.32061207
1.863164639,13.31366694,24.99191701,101310.0877,10.9735101,11.34716688,1.348881661,25.1197964,4.489854487,4.537874148,3.830884266,3.818736198,85.80417778,70.68737369,146.6055231,148.3027619,182.425226,209.3338468,181.8184667,156.2154478,-9.901980033
1.863517032,13.34622485,25.01027259,105104.5762,11.1122155,12.57281335,1.351530264,23.61249,4.486030653,4.534035936,3.937803423,3.892020312,87.3152931,72.99591494,155.6974748,153.272838,191.7992568,220.8155705,186.4969214,155.8067327,-9.957984467
1.863869425,13.37878276,25.02862817,107224.9162,10.3038371,12.84796497,1.356444306,23.0377216,4.479498212,4.527769332,3.920093522,3.859450054,87.77371771,70.89758256,153.3980456,159.562803,194.6938395,220.8089712,185.6368999,170.0843248,-7.035736133
1.864221817,13.41134067,25.04698375,110104.6287,11.14931975,12.72879176,1.354955752,22.5485808,4.480039427,4.527954746,3.854348617,3.835189999,88.14698139,72.53911394,181.2443352,178.9751563,193.3842482,217.7038844,190.139567,156.3799523,-9.185581733
1.86457421,13.44389858,25.06533933,111187.8138,11.18018264,13.29730523,1.353497,23.03654867,4.484515844,4.532669151,3.854971695,3.823669519,87.0516771,73.74096309,200.4984821,169.8069874,183.0889634,203.4243363,195.6186421,179.9866012,-7.199905427
1.864926602,13.47645649,25.08369492,112522.1101,10.22571116,13.30315957,1.348180821,23.348566,4.480137751,4.528694516,3.997581898,3.945635971,84.15132557,74.17818669,206.6282091,176.9422026,183.085819,206.163505,191.8961358,182.032553,-12.30114
1.865278995,13.5090144,25.1020505,107230.6429,10.73603763,13.28786699,1.351494177,22.95326553,4.479504004,4.527966574,3.870739356,3.797212272,85.39615596,76.50336882,191.7502345,158.6039743,187.0693209,210.1411277,184.6238026,159.5649376,-2.452775107
1.865631387,13.54157231,25.12040608,108545.1727,10.66107985,13.96638518,1.346409293,23.5385924,4.479198209,4.527369869,3.902219917,3.815201965,84.66132411,74.40846676,204.6937471,133.4531302,132.703474,199.9547037,216.864314,219.6835824,-15.71570517
1.86598378,13.57413022,25.13876166,105956.0062,10.13672316,14.17047637,1.351648782,22.86880987,4.475938703,4.524607398,3.903071224,3.843288869,83.49577159,72.96832995,175.7050594,119.2808353,120.9574425,221.0627007,227.1596199,211.967794,-15.30012253
1.866336172,13.60668814,25.15711724,106874.366,10.46217076,15.21728339,1.354519854,23.14329173,4.473012619,4.521774114,3.994317176,3.922953143,85.79200211,73.8789803,182.5363228,136.8819993,135.6033292,223.3292196,219.2280634,188.9323204,-18.451096
1.866688565,13.63924605,25.17547282,104653.3076,10.60026111,15.01638268,1.351087929,23.190212,4.467488686,4.516389038,3.92331502,3.858437982,83.56882574,75.01632563,186.3230921,122.4988727,129.6659375,217.1950634,211.4677069,198.0864361,-20.02085913
1.867040957,13.67180396,25.1938284,105148.6313,9.868294267,14.28901173,1.350984594,23.067047,4.469815044,4.518397588,3.884945084,3.840326075,83.5627227,74.70718104,185.1097234,119.5209032,113.2786226,223.8842412,213.1085654,215.1005383,-17.3332304
1.86739335,13.70436187,25.21218398,106522.4975,9.447766722,14.00759008,1.34085401,23.16323267,4.469039804,4.517564955,3.954963052,3.89616797,86.53968536,73.9671906,167.2482351,122.4816067,113.8765586,250.3071069,231.4071774,194.601436,-13.5178782
1.867745742,13.73691978,25.23053956,108244.2804,9.919449992,14.12793296,1.341551285,27.13149173,4.469097989,4.517757192,4.033630352,3.927117417,86.1150317,74.84659063,181.7821781,135.123257,126.9161825,248.8874243,229.5662388,177.7951347,-7.860735353
1.868098135,13.76947769,25.24889514,104889.6772,9.405474321,14.15604058,1.348093016,23.58433913,4.470750908,4.518832209,3.894063052,3.840501605,86.33184878,75.77375354,185.0747056,132.8746838,149.6541959,228.8880943,219.0842407,152.0386365,-2.488940027
1.868450528,13.8020356,25.26725072,104978.2363,9.582389065,15.54359914,1.353346802,22.482893,4.473165228,4.520825837,3.954697319,3.898745371,81.30820523,72.33904536,181.5017463,143.477195,173.4712641,211.9844069,195.2341505,162.0308988,-2.314297813
1.86880292,13.83459351,25.2856063,101715.2046,9.224896797,14.65986057,1.349302788,26.2153786,4.469446677,4.517515225,3.954102495,3.911277649,81.96867893,72.36588211,183.8215372,165.1319555,180.6091894,186.6839081,171.5323268,148.2666187,0.600717642
1.869155313,13.86715142,25.30396188,100766.9075,9.98538256,14.77442141,1.347142782,24.5966382,4.475987089,4.523862469,3.884841217,3.853567317,83.45995898,74.48696093,181.5834996,180.8500518,170.2200385,170.3613647,161.5442853,161.7496416,2.3974369
1.869507705,13.89970933,25.32231746,101729.6368,8.861933264,14.36192867,1.352132485,23.942104,4.475308672,4.523064406,3.902989037,3.87015967,85.70419517,75.10298783,178.4045538,177.8327423,178.5004121,188.4583943,161.5384184,150.5180639,-0.020821862
1.869860098,13.93226724,25.34067304,102704.8398,8.906281196,14.57213773,1.351638796,22.9415354,4.475690923,4.523482258,3.986199846,3.952811659,87.70918356,72.30615229,181.7482236,176.2747729,173.6473142,171.592042,169.157187,173.0248911,-3.362282713
1.87021249,13.96482515,25.35902862,100582.2379,9.186545118,14.48770917,1.353146553,26.462881,4.469310685,4.517065039,3.986221223,3.948052124,84.03228847,74.816848,182.0125766,149.4649671,164.8238071,173.0885608,186.5997649,168.6813463,-5.960146293
1.870564883,13.99738306,25.3773842,98306.41554,9.789110455,15.17543501,1.349972507,27.061111,4.466560723,4.514608773,3.89553242,3.854254753,84.29188024,75.30594865,150.2641232,120.4320029,150.6291668,207.6468285,196.2039826,170.7673602,-7.793765093
1.870917275,14.02994098,25.39573978,96605.26757,9.245053886,12.7166235,1.35220048,26.94850307,4.473321246,4.520976602,3.940950756,3.906779102,86.56252132,74.99522114,121.2017197,111.575346,168.221007,236.3078093,197.9631061,138.4107539,-3.5721376
1.871269668,14.06249889,25.41409537,100258.496,8.660834186,14.42260157,1.394151766,27.5045052,4.467029395,4.515153003,3.962050766,3.924763584,80.40192399,69.28535172,118.3383002,103.9468144,187.1708124,249.0441671,213.0054912,137.2020213,-4.7124253
1.87162206,14.0950568,25.43245095,100168.2747,9.811683476,14.87965644,1.398415719,25.024784,4.465383625,4.513804101,3.91475216,3.859058179,86.73526139,77.70728684,129.2071136,107.3495099,187.7577725,247.5455434,205.6122656,132.4284564,-11.55349013
1.871974453,14.12761471,25.45080653,104812.8899,9.603717116,14.14217284,1.400492257,23.44006147,4.464366027,4.513021332,3.904638599,3.85875662,86.20617852,79.92786484,124.401377,117.7983219,197.5600212,246.290466,209.0049006,159.3370089,-6.797894987
1.872326845,14.16017262,25.46916211,104919.9615,10.00733189,16.78300223,1.395073643,22.99432007,4.460764594,4.509384252,3.793531989,3.723291907,85.72781042,80.54290864,135.7765898,125.6157266,188.6793541,241.4002084,209.8777887,156.5018565,-3.686433
1.872679238,14.19273053,25.48751769,105422.7324,8.663293432,14.61713838,1.397579999,23.01308787,4.460835262,4.509078012,3.787368554,3.814379912,87.51776086,74.23918184,173.7353849,124.7467217,192.9408043,222.7518609,212.7199369,143.6289169,-2.948685667
1.873031631,14.22528844,25.50587327,101759.9142,8.230418297,11.78614932,1.397124525,24.72214887,4.458401231,4.506681444,4.000055357,3.979944799,85.05395577,70.47901064,185.968771,122.8511388,174.0988628,206.985955,205.5077129,141.5407781,-0.819145804
1.873384023,14.25784635,25.52422885,101962.3077,10.01442062,15.07201182,1.383661851,26.43120987,4.463868347,4.512305364,3.927862607,3.927563413,83.20597572,73.96076202,191.3335489,163.6087158,131.6234484,177.0582626,182.536738,193.8074429,2.136841103
1.873736416,14.29040426,25.54258443,98995.87811,9.136489762,12.90668586,1.400878483,30.946089,4.463649684,4.511893862,3.948966278,3.913441242,85.70576525,74.38282613,172.74066,152.5082777,199.8767351,187.0003718,162.7715575,132.409729,-3.58750718
1.874088808,14.32296217,25.56094001,98587.95028,9.406316085,12.44392606,1.393546222,28.70331207,4.535263648,4.581489205,3.943011967,3.939396333,87.37203948,70.98762227,170.3231176,147.3357987,188.278274,188.8880157,158.0147495,149.7386909,-2.803247
1.874441201,14.35552008,25.57929559,100372.1901,9.342528987,14.08602011,1.356714218,28.51211367,4.526177765,4.573408964,4.016528888,3.982963778,86.05666411,72.54161503,149.9458587,147.1105271,179.2199545,197.0591429,189.9450402,152.7492971,-4.7574453
1.874793593,14.38807799,25.59765117,101035.8133,9.546856475,14.18653221,1.399142589,28.70800467,4.51764319,4.565444924,3.959758117,3.920883271,84.04645738,79.00469859,157.0297027,135.5898612,180.6657989,206.1720568,202.1844183,142.4409782,-4.21106838
1.875145986,14.4206359,25.61600675,102173.7223,8.904426719,13.8053891,1.404650657,27.79834264,4.52402642,4.57165587,3.983232833,3.959115249,86.2756556,75.46613816,120.5348436,116.6166107,210.4303524,237.9144313,227.6903733,114.646816,-7.383970133
1.875498378,14.45319381,25.63436233,103543.8957,9.237680004,14.17632727,1.394784707,26.8886806,4.52201484,4.569674043,3.98550242,3.949683852,84.06257714,70.47089357,105.833572,106.1987865,240.2451098,253.932821,243.8686427,88.29672472,-5.978797847
1.875850771,14.48575173,25.65271791,104510.151,8.38589475,14.73794656,1.394882631,27.89511513,4.516282395,4.564167841,4.090822565,4.034826551,85.48007475,73.36879673,100.1511914,85.40936632,234.6372109,254.4999547,252.6552801,119.401737,-7.351917713
1.876203163,14.51830964,25.67107349,102222.5324,9.202018862,15.68473972,1.399095132,27.307442,4.518047735,4.565825878,3.933950108,3.872475616,86.69495587,76.90063493,110.7959757,107.7804903,219.2455903,239.6754613,232.7317671,116.1697065,-9.524726667
1.876555556,14.55086755,25.68942907,102247.3602,9.33158471,15.09752171,1.402435447,26.4886878,4.512116116,4.560416287,3.994154668,3.955258231,88.1861489,78.81706822,111.0242468,105.1938289,207.808118,237.975041,229.8892904,134.7194245,-10.8715261
1.876907948,14.58342546,25.70778465,103313.1547,8.839790307,16.66440111,1.397544104,26.8898532,4.51990605,4.567402465,4.010069005,3.98109589,85.08104701,72.21790318,144.2821994,112.198215,200.7399443,203.02303,233.6355387,150.0589292,-8.325136513
1.877260341,14.61598337,25.72614023,100885.4733,8.603241128,14.70833509,1.390453045,28.09804433,4.51924384,4.567210104,4.019789893,3.993004087,86.26802341,70.11341221,164.7027961,121.9104338,147.9724223,175.1761182,194.1371117,220.1124527,-3.10697504
1.877612734,14.64854128,25.74449582,97847.03186,8.890346225,14.93156491,1.39700379,27.624153,4.51089438,4.559388986,3.969274936,3.914050787,87.46507075,77.45903609,159.9993819,133.0058157,164.0366569,186.9326362,188.860145,160.4446524,-2.284030207
1.877965126,14.68109919,25.7628514,97454.9774,9.39536371,15.54110892,1.402301204,27.111551,4.510495637,4.5590065,4.082324713,4.035791779,88.97232481,79.33116748,151.9100236,132.8725874,173.8721442,189.9377416,188.1283548,151.3272707,-5.393851047
1.878317519,14.7136571,25.78120698,97780.53182,9.385336977,15.29834125,1.398056352,27.4282608,4.515972387,4.564044079,4.084834984,4.061835455,88.32418853,76.86460537,171.0235065,129.0966242,155.6379356,184.3338857,183.4896816,171.1484542,-3.18788118
1.878669911,14.74621501,25.79956256,98731.99213,8.908652714,14.0895435,1.394892905,27.70508867,4.520038911,4.567573897,4.157346866,4.13639452,85.60583441,71.87199275,200.3831583,140.2091051,130.8866905,165.7695858,167.1912782,205.5206699,-5.0913729
1.879022304,14.77877292,25.81791814,98339.8699,9.178089201,14.84377581,1.399892233,27.5772314,4.518786431,4.566414842,4.022366266,3.991433736,82.10259212,75.14582922,207.5732014,141.9810258,125.9980341,173.7332116,167.0522975,191.2828032,-3.945625947
1.879374696,14.81133083,25.83627372,97803.383,9.929010885,15.18827649,1.398178442,28.627068,4.521753065,4.569076496,3.983027645,3.962885077,83.74715685,80.02950446,163.6641466,126.8437973,162.4548229,191.2684219,185.8283221,163.6032819,-10.39954713
1.879727089,14.84388874,25.8546293,94325.9832,9.893677156,15.13404453,1.397572665,27.87165513,4.511388418,4.55979469,3.936245445,3.919748161,83.1842881,78.41355088,129.558731,117.975982,180.2289918,198.6419478,192.2989178,133.759335,-13.24071293
1.880079481,14.87644665,25.87298488,92837.81142,9.699905364,14.32951712,1.397629351,29.929098,4.506171383,4.55489969,4.022924307,4.000330409,85.48331254,73.94337558,104.8891094,71.79515349,164.9599496,250.3151009,199.7772245,141.3708824,-10.06607167
1.880431874,14.90900457,25.89134046,94520.4361,9.547660146,14.16529641,1.393416669,28.65756513,4.505815113,4.554792293,4.071292189,4.048886167,85.12794663,75.52961317,86.52764604,70.76287986,159.1102675,249.8424642,224.0952162,155.5511947,-7.489820313
1.880784266,14.94156248,25.90969604,95880.94483,9.700650456,15.05268258,1.400689554,29.929098,4.508507835,4.557287124,4.026089003,4.000173158,85.28680442,76.50782061,89.19604457,79.66229276,187.3364839,267.1649156,220.9229684,116.6279416,-4.922489613
1.881136659,14.97412039,25.92805162,97232.54752,9.949823931,15.01418536,1.404135965,29.03175,4.522115075,4.569348385,4.015782644,3.989588357,86.15533065,79.01821533,88.46700055,91.92594688,208.1078055,267.3113418,215.3722504,101.5730445,-2.98654436
1.881489052,15.0066783,25.9464072,96919.15574,9.285430419,14.33956824,1.399518921,28.02414527,4.52019396,4.567909929,4.061236406,4.038328773,84.37425836,74.68081481,102.9978382,102.5092497,214.0349248,221.7546682,212.4654538,118.7811727,1.440146885
1.881841444,15.03923621,25.96476278,97816.61928,9.549540353,13.85965361,1.39533227,32.09328233,4.523336625,4.570431208,4.070093921,4.047995933,83.34715317,74.00654006,105.6654688,133.3665351,227.3084812,241.6993228,186.9514536,87.0569703,3.366542373
1.882193837,15.07179412,25.98311836,97078.93612,10.31317067,15.09572048,1.399991854,28.06050813,4.52676373,4.574040809,4.052151139,4.034638383,84.83992065,76.07204596,103.9705333,115.6113032,224.0178423,277.9074654,173.6535393,79.30408816,5.1237655
1.882546229,15.10435203,26.00147394,96866.3064,10.27150298,14.94881563,1.400667579,34.873295,4.530622013,4.577534783,3.911245104,3.910669129,83.96159788,77.85368912,91.53464282,103.294239,233.6034454,269.3321118,176.015365,96.15199914,4.063112727
1.882898622,15.13690994,26.01982952,97819.21025,10.10583203,16.05972321,1.396013407,31.90912113,4.527287375,4.574575704,4.002994634,3.972889159,85.95455236,77.99550714,116.696466,127.757512,213.0371489,229.9092137,176.1600696,120.8774556,1.653278353
1.883251014,15.16946785,26.0381851,98740.93797,10.34853902,16.2744637,1.40073222,28.6728144,4.524765049,4.572362025,4.053637669,4.023571858,85.16053858,73.79639893,156.6990537,174.3558135,197.0433182,203.7223324,157.6281831,111.9402028,-0.521601873
1.883603407,15.20202576,26.05654069,98324.51336,9.769844312,15.73620075,1.397841207,29.444649,4.525550993,4.572977801,4.013833646,3.988209544,84.16176527,72.42360113,158.554402,165.0974391,198.7855589,210.5989928,157.2271771,107.4635896,-5.847782
1.883955799,15.23458367,26.07489627,93901.12794,10.17098332,15.10164462,1.403218987,28.91445307,4.52833648,4.575513073,3.898918907,3.881377108,87.17848159,73.40880161,144.1161562,114.5674832,180.7098064,225.263912,179.0801571,107.5539836,-3.250329587
1.884308192,15.26714158,26.09325185,89474.53855,10.55037203,12.70227126,1.399091722,28.363142,4.524232663,4.572204194,3.94842868,3.923118936,86.92637042,81.00142418,111.4521047,98.5717632,173.3512569,225.645341,186.8142573,105.5573815,-4.448431547
1.884660584,15.29969949,26.11160743,90813.15575,10.83186496,15.03485274,1.399338291,24.15910947,4.521209038,4.569419754,3.976788994,3.946965853,90.14507096,79.86481476,129.1240452,125.4171667,183.1034852,188.7667925,169.8318739,121.779206,-6.406364867
1.885012977,15.33225741,26.12996301,91104.65153,10.5474412,14.65007475,1.399980197,29.85989047,4.527889749,4.575303348,3.938420763,3.905002946,87.57628979,78.81314451,153.5505558,135.6112028,156.1929979,165.479352,169.5261917,145.4692919,-10.41936127
1.885365369,15.36481532,26.14831859,90708.84074,10.82955562,15.63409443,1.398172414,30.50152193,4.527581268,4.575050553,4.024065947,4.004329454,85.54207471,72.22957154,120.2848728,118.640165,174.9099386,210.2594205,168.8254225,122.3737871,-9.860405533
1.885717762,15.39737323,26.16667417,89266.89336,10.57064529,14.17490882,1.395304287,30.5636911,4.525821753,4.573295836,4.051779982,4.027779232,84.24163176,69.64646153,96.99592885,97.86548666,191.2140388,228.0518827,189.1956178,93.07471568,-11.9860731
1.886070155,15.42993114,26.18502975,92399.79362,10.41190792,16.52088156,1.393348183,30.62586027,4.526079613,4.574003864,4.084261994,4.066314931,85.12748302,74.3711094,89.16756903,81.66014626,179.9841364,251.7960795,219.8152882,102.9192748,-17.1801874
1.886422547,15.46248905,26.20338533,92351.75629,10.39269329,15.19438427,1.399776379,29.55725687,4.523319287,4.570796864,4.018437564,3.985932548,85.08697587,78.31921596,110.0605414,82.72363804,174.9382488,235.2760553,215.7517352,110.6126379,-13.41963097
1.88677494,15.49504696,26.22174091,95150.89728,9.784112133,14.615765,1.39882774,31.389482,4.525183056,4.572625028,4.032042208,3.987708428,83.9113438,76.99287201,128.771263,113.6837873,132.6914922,214.1817463,204.2400221,166.8754092,-11.55974547
1.887127332,15.52760487,26.24009649,91211.98619,9.945556591,13.24889676,1.38565136,28.72911827,4.523434511,4.571158027,4.025782649,3.980833353,85.18615774,75.9264349,133.165233,107.2234689,135.7720841,219.5707183,190.7638497,136.2375199,-11.90596
1.887479725,15.56016278,26.25845207,91007.85421,10.17691198,14.0956756,1.394127727,26.941466,4.527069042,4.574441972,3.925727893,3.895163849,85.77761898,72.53695368,112.0490339,94.85175121,135.9858489,233.8680236,190.2703444,149.39249,-10.90462967
1.887832117,15.59272069,26.27680765,91909.90617,10.65816692,13.87522402,1.394694095,27.52327367,4.521076587,4.569037317,3.980305032,3.9543169,84.66109303,72.96330627,116.9154182,99.42713893,136.5258581,229.2129809,199.3580742,144.8356244,-9.155622033
1.88818451,15.6252786,26.29516323,91651.3247,10.61783937,14.93047361,1.397977496,27.26169453,4.526909523,4.574094406,3.886586679,3.857420884,87.67060517,80.11760341,149.275598,107.7573927,155.776618,183.2506997,189.7582349,144.4359393,-9.9861458
1.888536902,15.65783651,26.31351881,90751.22668,9.861804651,14.50073142,1.402250327,29.647575,4.528274071,4.57518593,3.909806878,3.843977321,88.56835005,79.3836434,167.5025081,115.1331432,157.8798184,172.2875929,178.9727657,133.3567173,-4.649399113
1.888889295,15.69039442,26.33187439,93502.47109,9.053427557,13.39362412,1.393103122,29.92792304,4.530726549,4.577637653,3.953199442,3.920894807,84.78154464,73.46810778,145.3103826,115.8778176,163.0897582,185.7117465,188.128299,149.5397968,-5.5195404
1.889241687,15.72295233,26.35022997,94213.52516,9.289730622,13.96762977,1.394625552,30.20827107,4.527862102,4.574992817,3.949119107,3.919766284,82.50012368,73.13961871,146.0899504,103.9845338,176.8488062,205.8888592,190.5490854,131.3173203,-5.45525388
1.88959408,15.75551025,26.36858555,96012.12764,9.337170571,15.44960984,1.397851061,29.784819,4.52491614,4.572030933,3.958402925,3.94053719,84.62031334,74.7048579,140.0937037,110.3556992,185.2955731,214.1282428,195.8344401,125.5327382,-2.39885292
1.889946472,15.78806816,26.38694114,92919.00257,9.645390657,14.39796821,1.40082198,29.823524,4.525309032,4.572427499,3.886893223,3.854922388,84.23558482,78.60982129,115.1322801,113.6495348,177.9973396,197.7923086,196.8908445,134.4070037,-0.741308004
1.890298865,15.82062607,26.40529672,92597.30544,9.916060546,14.84816733,1.402539315,29.05286647,4.524295136,4.571883505,3.900861534,3.867602803,85.2798234,77.55075462,105.7901187,105.9252353,190.5955602,219.2894794,202.1927457,106.9703708,-0.120757773
1.890651258,15.85318398,26.4236523,94300.51077,9.638735778,13.60742883,1.396886443,30.08158707,4.522977917,4.570575213,3.992697562,3.953251868,82.53052242,74.18431654,110.7397141,115.2024643,213.2776693,216.1381288,202.7485725,90.57662559,1.708751639
1.89100365,15.88574189,26.44200788,93558.42452,9.559829519,13.95893657,1.397963997,28.48513453,4.519365761,4.567223378,4.007411147,3.977035123,84.02167202,74.18535629,112.8849823,122.6918788,204.2123827,210.5309641,199.9669019,91.49945879,1.858347747
1.891356043,15.9182998,26.46036346,95071.6489,10.05344468,15.44409655,1.406528112,28.47223033,4.518396776,4.56619972,3.956209378,3.913653017,81.06271335,74.70341906,115.2029657,128.5436237,219.4472421,210.3082204,187.2910751,96.35151178,2.448077907
1.891708435,15.95085771,26.47871904,96348.28189,9.228037698,14.88943341,1.399315986,31.459862,4.517183337,4.565064824,4.046154311,3.949292432,87.15793098,79.62782765,129.110863,124.8409934,211.26313,200.6338527,188.6789733,117.926787,2.961130007
1.892060828,15.98341562,26.49707462,94484.17835,9.780974652,14.73750207,1.397958782,29.8035866,4.513446368,4.561523133,3.916327257,3.885257477,87.57555246,80.19616502,142.1883966,133.6835292,183.3349117,180.9717949,183.8832706,132.6984198,-2.45179792
1.89241322,16.01597353,26.5154302,97106.47471,9.462246698,14.97712061,1.397653709,27.83881093,4.507665849,4.555928467,3.967267819,3.925912786,83.97349053,75.49743669,137.1852737,136.0015563,191.184196,196.0437613,184.8539104,136.1955627,-5.06034538
1.892765613,16.04853144,26.53378578,95194.5943,10.0071714,14.6327952,1.401926733,23.2336128,4.512868555,4.560749989,3.970895375,3.942932887,80.51790522,73.95285301,123.3125349,86.95400384,186.7273775,230.0070205,205.6535599,127.3064416,-5.350756853
1.893118005,16.08108935,26.55214136,98821.00837,9.871512822,15.224079,1.40512247,28.59774207,4.513848199,4.561572715,4.007703569,3.980474641,83.0618266,73.73990674,124.0436064,104.4324117,200.1168533,243.1037,205.4059526,118.6201455,-4.844002293
1.893470398,16.11364726,26.57049694,97553.91227,9.82212225,15.21117507,1.395890959,29.90680887,4.509541132,4.557898131,3.965581321,3.925006363,85.28842407,74.09232676,122.3386456,125.9063445,191.0788768,243.6803752,183.2016233,116.6157597,-6.740294353
1.89382279,16.14620517,26.58885252,97306.62217,9.627985877,15.22965588,1.39655463,33.166573,4.510261875,4.558222616,3.993448984,3.951652542,84.76006566,77.81612182,98.250997,105.3027308,206.7639378,254.7133438,206.8565649,103.5818587,-6.22238596
1.894175183,16.17876308,26.6072081,98461.11124,10.17352889,15.42791375,1.396344624,35.53486407,4.520337047,4.567671827,3.958109627,3.932680144,82.5190576,75.86411878,103.2641629,82.98681524,212.3081061,238.6416179,231.2011555,119.6642488,-6.384977947
1.894527575,16.211321,26.62556368,97951.85001,10.10085241,15.44417752,1.399996176,28.905068,4.518397408,4.565918813,3.950883968,3.927216304,82.98638656,74.66247525,126.8947389,82.53086424,185.7901798,244.70521,209.7602738,137.7509329,-5.316204593
1.894879968,16.24387891,26.64391926,99161.61645,10.14678451,15.44476303,1.391820457,29.27808233,4.515578618,4.563203575,3.943822198,3.926465436,79.00025725,71.95153408,85.25486494,56.94437141,193.3024066,258.193952,244.178551,153.3247177,-4.347420913
1.895232361,16.27643682,26.66227484,96955.3173,11.33386384,15.51755147,1.394300597,29.805931,4.513461298,4.561105905,3.875379959,3.840837177,86.24374811,80.21199834,105.8800989,113.2618896,178.4603781,236.3792991,225.6732924,113.8883083,-2.438719513
1.895584753,16.30899473,26.68063042,96299.75344,12.69391962,15.67983639,1.390524266,28.44994407,4.514472661,4.56224937,3.920471933,3.891722224,86.90958995,79.95513808,122.5617814,130.9253479,177.6886703,211.3190331,201.6168377,126.4522427,-5.272205107
1.895937146,16.34155264,26.698986,95708.99806,10.68986477,15.63982965,1.398044427,31.17599687,4.512925921,4.560787397,3.927814902,3.912566555,86.68692075,79.25398326,157.8204118,156.659196,161.8911408,171.9607371,164.9961135,158.0793355,-6.835332087
1.896289538,16.37411055,26.71734159,96935.25334,10.08671623,16.13588922,1.401552184,34.03342547,4.51484161,4.562844557,4.020842645,4.010749834,81.53360372,72.70503454,166.9044876,125.9887819,167.7977379,167.4577546,187.0231675,170.4783014,-2.327168047
1.896641931,16.40666846,26.73569717,101895.4416,11.70819508,11.63643902,1.09714949,32.78417827,4.546188696,4.591824509,3.929057379,3.937372118,89.35779926,73.33980931,145.6629961,153.1878069,184.8974127,192.390992,187.4941826,166.3611287,-6.344554407
1.896994323,16.43922637,26.75405275,96081.82627,12.16622241,13.24445194,1.096491465,34.18708953,4.537992755,4.584438466,4.017601305,3.949229376,84.25677613,75.48620013,148.5984672,139.1020905,148.5241762,150.9680802,174.7488871,211.7900779,-6.033708327
1.897346716,16.47178428,26.77240833,94852.99166,10.61826183,12.0449277,1.132326362,32.47568087,4.541691662,4.587653889,3.997052511,3.939201274,86.91001325,77.6616823,152.1875224,125.9151083,157.2327474,176.8996987,188.0311162,162.1915827,-15.14639873
1.897699108,16.50434219,26.79076391,91667.08943,11.13453748,11.14498672,1.131925743,25.26407513,4.518632834,4.566326392,4.057392304,3.955497855,86.13375976,73.73256337,162.1759826,132.6363071,143.70344,172.8547201,170.4598268,151.2572692,-12.29758493
1.898051501,16.5369001,26.80911949,89177.22003,10.92417313,12.11126076,1.15153613,27.84115687,4.508157976,4.556673339,3.9938178,3.874683205,85.15117331,77.44739561,162.5141463,126.7261463,151.270158,171.5679288,159.8095401,136.8616758,-12.59112353
1.898403893,16.56945801,26.82747507,88501.21265,11.98261,13.5722961,1.153660549,28.19423033,4.522310251,4.569811,3.982609981,3.906091107,88.57779121,76.22820777,153.643215,119.37949,161.146649,187.1072236,159.1975465,119.7575795,-13.8101821
1.898756286,16.60201592,26.84583065,87475.69667,11.95016894,14.28607511,1.228628979,29.03175,4.515084637,4.562527654,4.027317911,3.924412975,88.87462813,81.21442396,153.0512365,122.7401356,160.6227714,179.2373963,157.1005284,117.2036324,-12.67495873
1.899108679,16.63457384,26.86418623,87861.47458,10.65714027,13.35286685,1.248093571,30.78773367,4.512355458,4.559643843,4.124681181,4.006691693,82.66984432,76.7895942,152.1784005,144.9352736,145.9303522,166.9012327,141.2816923,142.1823279,-11.315491
1.899461071,16.66713175,26.88254181,88555.87838,10.28055788,13.84048213,1.243336975,29.330868,4.522525958,4.569234031,3.996230616,3.921767006,82.56574047,75.87088748,152.9417811,140.2692285,156.2789051,169.6677503,145.7474279,135.7730656,-6.832192627
1.899813464,16.69968966,26.90089739,89044.77073,11.3495838,13.77829535,1.253429019,26.2482232,4.525055603,4.57197502,3.976167747,3.917814361,86.85279123,79.59382536,162.7012337,123.6265491,169.4370122,182.6230793,158.2539958,110.6458369,-11.825631
1.900165856,16.73224757,26.91925297,90037.99939,12.82155021,14.54441798,1.185394886,18.75392537,4.510980385,4.558962672,4.005200412,3.867144724,85.89129564,75.45640473,150.7485101,136.4494762,158.4549735,178.9565195,150.2171306,139.4550821,-9.7471329
1.900518249,16.76480548,26.93760855,102705.3866,10.36639405,9.151167169,1.10277227,23.54973719,4.660232774,4.706752423,4.082124967,4.029713646,81.30639686,72.47094213,161.2962006,128.4783186,207.3311903,218.1499778,183.1391434,142.907148,-5.32692594
1.900870641,16.79736339,26.95596413,96650.96573,14.74279317,13.08364495,1.099962144,28.345549,4.654148493,4.700945223,4.115519597,4.071279336,71.89566593,72.46829402,166.0760656,137.3880275,169.3028081,168.1052056,182.2772826,159.5148635,-1.561116747
1.901223034,16.8299213,26.97431971,93236.056,12.65319514,13.37643424,1.125190345,27.66403373,4.631827679,4.6791813,4.19576216,4.077278882,71.7256413,72.28160048,158.9724049,139.4782227,174.4524345,177.8318014,181.4885138,115.6282309,-1.15998376
1.901575426,16.86247921,26.99267529,91074.03253,11.28542475,13.25236249,1.196116684,29.0094656,4.61238488,4.660038752,4.0986106,4.02885543,78.63706409,73.6956599,142.2653968,135.1356487,173.6448546,169.6310845,172.717468,129.8009811,0.742929363
1.901927819,16.89503712,27.01103087,90967.50589,12.07182897,13.5735623,1.249452467,29.8880426,4.607499737,4.65512669,4.023869822,3.899381827,76.50311048,71.65376375,142.9471508,133.6268855,178.8386375,173.5433739,171.6457265,121.7184759,-0.209301296
1.902280211,16.92759503,27.02938645,91777.48933,9.186605229,12.46510553,1.254492651,28.169598,4.604082437,4.651531193,4.22250251,4.043977277,83.0191486,70.7427013,145.0029893,133.3218801,172.2553588,174.8214323,174.8511487,130.4119697,-2.59456642
1.902632604,16.96015294,27.04774204,86844.60505,10.87316577,10.64965137,1.194424257,27.40597413,4.384259635,4.432980435,4.256119188,4.260208924,79.76995565,71.78360879,109.9982892,128.7514086,163.0981082,171.4678999,162.6604247,139.2085851,-0.853250507
1.902984996,16.99271085,27.06609762,84259.31063,12.41914255,10.59525337,1.297945475,25.37785593,4.257312875,4.307601314,4.316961863,4.312785247,80.77738718,78.93334178,95.89491555,143.7396475,165.4781919,189.5441283,143.8987256,108.4943376,-2.351096081
1.903337389,17.02526876,27.0844532,84877.68593,12.76785794,12.48294732,1.304107101,28.046432,4.243222573,4.293737221,4.299006713,4.29874167,78.27252884,72.87800278,92.35107987,143.5636444,168.7786574,188.5349312,138.4389803,120.6208241,-6.134256053
1.903689782,17.05782668,27.10280878,82839.89897,10.97328873,10.4533813,1.305548349,25.63709067,4.243944618,4.293958047,4.349233167,4.296964779,79.12398899,73.13444614,107.9073826,133.7641454,152.8668808,173.5684185,143.8058809,123.6059563,-2.64941392
1.904042174,17.09038459,27.12116436,84886.93372,11.5476754,10.38917353,1.304421545,24.83944953,4.251536841,4.301380613,4.439051616,4.314845906,77.42831653,72.53500641,148.8029623,127.0225538,138.4918912,150.7562986,153.811787,144.8248884,-0.490119844
1.904394567,17.1229425,27.13951994,84686.37578,11.71808103,9.920540918,1.300116438,25.22653933,4.2524987,4.302328638,4.387694987,4.312796501,78.40460655,74.92576409,115.0843831,128.4231082,154.5104835,168.573411,159.1079443,129.3136388,10.74087077
1.904746959,17.15550041,27.15787552,82602.95439,12.45640494,10.87507579,1.301915897,26.38429093,4.248092202,4.297564247,4.383663796,4.312582633,82.8085879,77.71478611,95.22204313,154.0792827,167.9169981,203.5906725,119.2282748,90.55693598,2.110074613
1.905099352,17.18805832,27.1762311,83169.26612,13.54109048,11.25997475,1.303042981,28.15669407,4.232963912,4.283045398,4.176930111,4.296216975,77.1138571,76.30742369,87.42026604,157.4760896,167.4966886,225.458603,113.4946163,83.21760219,-0.875785563
1.905451744,17.22061623,27.19458668,80913.41809,12.58425993,9.882674758,1.309004451,27.333249,4.233246924,4.283483621,4.246999222,4.288941664,82.54017089,78.05452179,89.04429224,129.3552655,140.1791069,238.9554627,121.7133451,93.59650444,-3.259339647
1.905804137,17.25317414,27.21294226,81089.79203,12.36394672,10.23507482,1.297246991,25.98429733,4.235442624,4.285613179,4.450971492,4.295355337,80.89691586,79.19896085,90.24613061,97.74024442,129.3955932,249.1742987,137.9894362,110.2261899,-5.334730073
1.906156529,17.28573205,27.23129784,79146.81409,12.09723664,9.729431267,1.298702587,25.51627067,4.238089267,4.287905113,4.416833024,4.299281472,78.01764572,78.55850252,92.22916897,92.29447315,109.0615732,215.7776987,157.6948354,128.9550981,-3.873265967
1.906508922,17.31828996,27.24965342,78559.655,12.101252,10.8468245,1.29993415,26.7619975,4.2725913,4.32044435,4.40638475,4.3165381,79.287085,77.61467,88.332775,108.4505775,123.197115,175.5913,166.557825,128.275395,-4.3614383
1.906861314,17.35084787,27.268009,77372.44741,11.76356237,9.136044405,1.305276351,27.676937,4.22992582,4.280174249,4.396744513,4.289972402,78.58273532,76.68134703,93.46691049,93.77291937,116.3231241,188.9615319,171.5459784,114.7932273,-7.432670887
1.907213707,17.38340578,27.28636458,78053.36124,13.47838568,9.428420248,1.287917614,27.377823,4.232150506,4.282374693,4.401623202,4.284272275,81.95681791,79.13829656,108.9081138,93.5806539,137.0735931,193.9072667,146.6742595,108.434936,-5.234855073
1.907566099,17.41596369,27.30472016,79367.56574,12.83434322,8.841460405,1.29912784,27.911537,4.230739154,4.281030386,4.410746957,4.287488148,76.0004048,76.26140684,118.2250085,101.6229391,135.8431646,185.7204259,144.8830046,117.2774992,-5.55219148
1.907918492,17.4485216,27.32307574,81065.23541,14.28252094,11.19138262,1.313590928,27.641747,4.228313189,4.278958048,4.420332774,4.293795092,82.31902391,77.1822415,139.9899371,124.6676526,127.4741453,163.1615167,138.763553,130.3555408,-6.982640353
1.908270885,17.48107952,27.34143132,79085.11886,12.61251322,9.890490114,1.302912419,26.51449367,4.229078529,4.279543216,4.407432574,4.294038997,82.23060395,74.14058185,105.1204634,99.77064332,126.4283809,195.6720921,156.8854705,114.1432239,-5.911729133
1.908623277,17.51363743,27.3597869,80422.26048,13.01761029,10.10265469,1.299652564,28.9379124,4.220206216,4.270358203,4.371828186,4.270276244,73.24523294,75.11851674,99.7981715,95.69989834,134.4596869,187.8560653,174.9686334,117.2523691,-5.872012067
1.90897567,17.54619534,27.37814249,81280.54006,13.68324634,10.62394764,1.298751392,26.38311773,4.205961042,4.255398437,4.372454056,4.265860586,78.64267966,78.89746418,104.075572,92.17827101,138.6695222,184.3777103,177.0955124,123.2763377,-5.6943149
1.909328062,17.57875325,27.39649807,81533.95325,12.38785953,10.25223043,1.305195222,27.49864027,4.201847463,4.251648186,4.369589047,4.271665185,74.18687324,72.30027894,102.7866538,95.60240067,141.1887844,198.5727169,164.253533,119.124099,-0.257651261
1.909680455,17.61131116,27.41485365,82415.27604,12.59662013,10.59163955,1.303251759,27.377823,4.200721558,4.250332144,4.260627703,4.266821206,76.23867295,70.9490512,98.3868672,88.32374978,140.1905839,238.0207602,159.1917988,105.1621244,0.1213498
1.910032847,17.64386907,27.43320923,82915.03899,13.27202035,11.73647352,1.298506835,27.360226,4.201135944,4.251086124,4.256346262,4.26333732,76.07254211,71.74059644,91.67120477,85.30921064,143.6033517,248.4934065,159.1544064,104.784313,0.434075627
1.91038524,17.67642698,27.45156481,80789.98406,11.24079691,10.54851102,1.298092329,28.8780898,4.192610451,4.243269213,4.243986253,4.249550394,80.44930026,81.06676949,89.82670346,106.0183441,152.0498286,229.6700584,136.7745489,97.68375329,-0.338395951
1.910737632,17.70898489,27.46992039,80560.35213,12.23082376,9.964115632,1.299815371,27.2452726,4.202131493,4.251878672,4.249344641,4.259206305,78.74705197,80.44738844,96.13051246,110.4583343,165.2785139,186.5219484,149.6458567,102.5702767,-0.552741358
1.911090025,17.7415428,27.48827597,79230.31729,12.92980831,11.15733202,1.29750893,27.89159607,4.203821554,4.253770681,4.253634608,4.263121479,79.25331451,80.20187674,92.81335899,100.4312897,162.7868783,187.6969566,156.9613521,96.22956068,1.97959108
1.911442417,17.77410071,27.50663155,80493.21839,11.4202191,11.1229186,1.299622183,27.5655016,4.20363801,4.253615866,4.255314578,4.269105234,79.20237933,77.86359302,86.96865123,115.9290534,167.5483192,195.5035678,146.8163001,95.45597864,-6.62012648
1.91179481,17.80665862,27.52498713,81834.14803,12.91030265,11.72731023,1.30566269,22.38201453,4.202498184,4.252599441,4.253297245,4.26085003,79.91847445,75.08575275,101.1876183,122.781768,170.0301929,189.6091572,134.0548241,106.6353283,-8.273684127
1.912147202,17.83921653,27.54334271,80240.50096,12.83174863,10.18830886,1.299707489,26.656427,4.20326098,4.253653662,4.249515113,4.25667906,80.68381013,78.16819009,117.4982251,127.2329033,156.8195528,181.9149023,126.506436,101.8281872,-8.55817556
1.912499595,17.87177444,27.56169829,83427.93274,13.22652148,11.38387162,1.301236898,26.3467538,4.447605155,4.496231042,4.17219261,4.173761966,82.06258329,74.28657221,118.2315286,112.8949197,161.3614124,168.7396937,169.7675796,112.2768639,-8.763261733
1.912851988,17.90433235,27.58005387,81169.59083,13.92928813,10.80095404,1.304139705,28.9801412,4.258465312,4.308392088,4.357834954,4.329724718,78.52644004,78.64647524,98.41710836,94.63019883,166.7776845,179.445203,177.2518574,100.597515,-8.338771827
1.91320438,17.93689027,27.59840945,80089.50232,14.04740335,11.0687795,1.298202362,27.70039733,4.255694443,4.305953988,4.407644876,4.333129087,78.69320745,77.65180139,93.53395689,86.77114781,173.2719818,181.7716511,183.297347,86.97567929,-8.923960267
1.913556773,17.96944818,27.61676503,80771.77389,13.59890247,11.13367206,1.301583192,28.6341044,4.250143144,4.300482492,4.396751198,4.330185275,76.92653297,74.40611918,85.36957797,82.33640754,183.0406339,194.1831942,186.1154667,79.46952661,-8.250217547
1.913909165,18.00200609,27.63512061,80585.67066,13.01274956,11.23886484,1.306604974,26.94029367,4.247075379,4.297396109,4.39457877,4.317556183,79.19333003,77.50501053,84.62145166,81.7192945,182.4488331,193.8542936,187.1306104,78.80395877,-10.49059453
1.914261558,18.034564,27.65347619,81776.75934,13.67966294,11.72209621,1.298970615,28.17076833,4.251661745,4.302125141,4.398027214,4.310279166,79.29861288,72.47785154,84.34635408,79.61859385,182.3708061,196.8100312,190.4377683,86.67057021,-9.172418
1.91461395,18.06712191,27.67183177,82525.61625,14.58898131,11.52648537,1.297343861,28.67633287,4.247573325,4.297902368,4.385397371,4.315818065,78.42830784,77.95425385,92.98154525,91.20720988,161.9124935,182.6555045,187.2104461,113.3722174,-5.372447633
1.914966343,18.09967982,27.69018736,81264.91883,14.52813535,11.61314399,1.301416852,28.99656287,4.243249423,4.293790113,4.369603486,4.310372585,78.58920742,77.12510477,95.91666155,83.37627438,155.1803209,185.107383,187.8077204,110.2780581,-5.369186167
1.915318735,18.13223773,27.70854294,81681.81449,14.82558716,11.05031541,1.299652804,27.8247342,4.244887899,4.295384252,4.403772662,4.327389087,79.54615517,76.67129811,111.9071976,86.76460858,130.8410962,161.8055447,186.4754464,146.8682511,-0.256756433
1.915671128,18.16479564,27.72689852,81561.73765,14.20070677,11.32340513,1.300198656,27.905674,4.241368014,4.29197214,4.398004248,4.321999608,78.68169032,79.1365322,124.0690499,88.33903802,137.6587929,172.5336397,179.5999309,124.0771577,2.063304573
1.91602352,18.19735355,27.7452541,81891.00766,13.92740355,11.30206472,1.295202077,26.04060247,4.244551139,4.295229855,4.387049179,4.305982216,76.53442828,76.867957,113.2489438,102.4643791,145.6254349,185.3209649,171.950591,108.6522798,5.12914088
1.916375913,18.22991146,27.76360968,80841.60212,14.36344228,11.64548115,1.298435913,26.121539,4.250672875,4.300846722,4.396179691,4.311834316,80.10173723,77.0337009,92.9988373,79.9481615,149.1106475,223.2908816,168.6563941,98.80005099,3.763696433
1.916728306,18.26246937,27.78196526,83531.10016,14.2214361,11.50565422,1.296966211,28.94729567,4.252633588,4.303099499,4.403983633,4.321522043,79.42567651,77.20596054,84.53763278,103.2002527,154.1845116,259.6040853,146.0639394,89.82688076,-0.39803854
1.917080698,18.29502728,27.80032084,85559.07859,13.37576241,9.773866509,1.302059789,27.82473507,4.251109739,4.300146486,4.385886436,4.294804569,80.30331952,70.69971867,101.5738809,108.8596738,151.7810781,231.2092618,153.4433571,114.0138733,2.67363768
1.917433091,18.32758519,27.81867642,80256.82337,14.36275292,10.02629437,1.302001058,27.66872553,4.236530058,4.286177251,4.365209473,4.298036146,78.61071498,74.13282378,108.9661831,83.12970715,140.4036277,232.7889834,152.8523278,92.2114637,4.370736207
1.917785483,18.36014311,27.837032,78383.9951,14.20107648,8.721567416,1.303415588,26.93912,4.234676272,4.284677239,4.387726251,4.315038147,80.21927886,75.24929896,94.79600137,84.13054265,134.609651,240.8455881,139.247433,95.42460595,2.9066775
1.918137876,18.39270102,27.85538758,77454.75439,14.68425968,8.781032671,1.298395751,27.3778214,4.2318556,4.282019957,4.390624881,4.327696866,79.81180782,76.59914013,88.10815855,93.68400601,126.8666396,228.5376914,144.7439996,96.66902513,-0.873283953
1.918490268,18.42525893,27.87374316,78024.89309,15.38723305,9.013008159,1.299437297,29.8035862,4.224377097,4.274448511,4.369081907,4.287600499,79.99271607,80.89912894,79.18262424,78.28027697,123.0374223,236.7339791,171.2428591,93.93237019,-3.9390137
1.918842661,18.45781684,27.89209874,78307.70954,15.58641546,7.617772442,1.301226667,32.47450753,4.223602931,4.274052294,4.247239687,4.281190169,81.84265251,77.34757337,86.54711837,83.96212687,123.2407878,231.1572145,164.54568,97.11059199,-2.05019188
1.919195053,18.49037475,27.91045432,76553.36308,14.06864487,7.155641668,1.300575735,31.9806738,4.223098364,4.273472157,4.194349746,4.267826331,78.79952774,75.86945458,103.5841976,86.53436964,121.0626212,195.9678932,162.3545992,103.2272806,1.9873936
1.919547446,18.52293266,27.9288099,76207.14952,13.98311166,6.936866568,1.269880863,32.33961273,4.22704399,4.277163895,4.165948807,4.29524706,78.57186113,69.48049728,111.6548977,92.88815599,132.2474144,195.2453765,155.2380775,83.83171849,5.18218144
1.919899838,18.55549057,27.94716548,78190.12391,15.1197928,6.572107915,1.250077547,30.017075,4.23065783,4.281190367,4.152874099,4.291729181,81.66176984,73.23441024,121.4492469,112.8044065,140.2910075,190.9913752,128.8679224,98.12201705,5.717923627
1.920252231,18.58804848,27.96552106,76686.56699,15.50774705,6.172207045,1.282597251,27.8505414,4.224864836,4.27496488,4.113273024,4.270824294,78.60585193,77.58693843,107.2179149,143.5082529,152.8026086,166.4671637,110.9666079,93.87603296,0.970357825
1.920604623,18.62060639,27.98387664,78733.0353,16.88525823,7.75756063,1.244860872,34.62579053,4.223505261,4.273633618,4.108523889,4.270334543,77.99936046,77.02720052,102.929137,151.8278923,163.7778123,176.8674314,109.5414452,89.20945026,-1.4663369
1.920957016,18.6531643,28.00223222,81988.05322,15.04051411,7.697169161,1.250244103,33.6146638,4.22465078,4.274651419,4.121160594,4.276752031,82.8203239,76.95388376,110.0356039,148.3141515,171.2926317,169.3079388,116.5889069,111.997264,-3.87378534
1.921309409,18.68572221,28.02058781,84288.31506,12.32875963,6.621832443,1.267692197,32.60353707,4.514723944,4.563491387,4.025670828,4.091915244,83.33461966,75.74888471,126.7906837,131.8397972,158.3862302,196.1411905,131.5222405,108.7597747,-2.7393957
1.921661801,18.71828012,28.03894339,89122.35271,12.44201744,7.552570076,1.287407185,31.06925233,4.665999231,4.714426762,4.011327617,4.073957908,84.89805663,81.60315837,125.9711143,136.3561099,168.0943451,197.4708481,157.1335329,115.905455,-3.40913034
1.922014194,18.75083803,28.05729897,91477.59657,13.24959545,10.63282702,1.249165007,28.91445187,4.661696674,4.709829731,4.075798979,4.130560613,86.12416161,81.04056093,147.6615791,142.7695616,169.7664909,178.2392941,168.4615136,121.3303126,-1.842656783
1.922366586,18.78339595,28.07565455,87370.86957,10.99961633,9.423193205,1.248142903,30.49917593,4.659340222,4.707553216,4.032468229,4.106491663,86.80840064,80.71247775,141.7954161,139.6567927,162.8583392,169.3052595,165.9875266,107.1536269,-0.731964723
1.922718979,18.81595386,28.09401013,85097.72076,10.81733741,9.774658338,1.253213836,31.4281928,4.655138115,4.703231013,3.933434443,4.039776891,84.23773667,79.72873689,137.6976337,125.8706585,164.2927815,166.1393071,163.9764299,105.7305574,-1.595699473
1.923071371,18.84851177,28.11236571,84971.66769,11.68619067,13.34507232,1.251120932,30.773657,4.65965376,4.708407941,3.952568188,4.017212508,84.73833996,80.8185768,136.5454573,129.2568746,154.2980738,165.400556,155.7589955,120.8293401,1.620466357
1.923423764,18.88106968,28.13072129,83767.09009,9.311007924,9.965356772,1.302249761,30.92849313,4.718207044,4.769895022,4.042219508,4.068805665,80.43464637,75.5877383,81.72467193,98.02428309,185.0130089,207.4496967,168.3736039,98.61387551,-0.678033177
1.923776156,18.91362759,28.14907687,85059.80249,11.73790061,9.926880111,1.26699832,25.02126487,4.541906485,4.591499402,4.279307173,4.347706925,81.39743113,77.05275597,87.94213686,88.05306325,174.746831,227.4083388,186.7408613,88.34385309,-2.0526196
1.924128549,18.9461855,28.16743245,82082.78271,15.94442934,9.459295493,1.247985842,31.4950514,4.426092848,4.475141236,4.351741435,4.462432076,85.15985702,81.6477217,78.84860381,85.8363243,154.5642469,244.4236914,178.9733001,79.54871935,-1.736240244
1.924480941,18.97874341,28.18578803,80723.77909,16.0608727,8.708933055,1.250144866,30.84520993,4.420867334,4.469948964,4.317131803,4.449424892,81.93746128,82.62708198,74.30832052,77.53400709,171.8025085,234.9226002,176.1059611,73.26161061,-1.533979877
1.924833334,19.01130132,28.20414361,80051.29744,14.39284869,7.813016705,1.248930308,32.691513,4.425234378,4.474517,4.264731493,4.425923078,83.30163968,80.11028693,70.96054321,75.00818222,159.438964,228.9280537,187.5291265,78.8057791,-3.563571367
1.925185726,19.04385923,28.22249919,80921.19815,14.18197366,7.728150599,1.250415627,34.767723,4.429449861,4.478906232,4.344242255,4.494566942,84.62868575,78.77415639,72.05417929,72.91654119,160.070706,239.6300145,176.7866519,87.88643249,-2.766279213
1.925538119,19.07641714,28.24085477,81530.33718,14.20846639,7.408156364,1.249642883,34.6375194,4.426886715,4.47638779,4.321109621,4.464484682,80.49831928,78.55490952,82.19793432,70.94323865,166.5808166,236.0634133,182.294576,79.38563126,-4.959547
1.925890512,19.10897505,28.25921035,85058.5724,11.07857252,6.553574671,1.278669692,34.19177907,4.429814076,4.478861764,4.23317347,4.441713931,83.41743925,80.93379565,91.68294428,83.85342724,169.8113327,231.6721459,183.1976735,93.72045127,-3.830387447
1.926242904,19.14153296,28.27756593,82667.64847,12.0545707,6.046868255,1.090059545,35.5706404,4.370093261,4.419367193,3.712470395,3.77312483,89.99603162,73.58097773,127.1795011,94.81553401,154.7902567,158.4378808,171.0329012,131.1380982,-2.9230221
1.926595297,19.17409087,28.29592151,85029.10448,10.99830784,7.141196886,1.158990592,35.202611,4.414392908,4.464317855,3.778162338,3.76717727,79.84835616,75.62972759,124.9001248,101.2751882,160.2006631,168.928011,179.0074448,126.3946571,2.41071134
1.926947689,19.20664879,28.31427709,85740.69705,9.660318645,8.250751941,1.247949904,34.8345816,4.502007599,4.551141266,3.922633521,3.912929032,85.5166555,80.36884807,127.7352034,110.8098138,178.5541789,180.0731792,174.6495913,96.28475346,-1.76481058
1.927300082,19.2392067,28.33263267,83424.67159,10.24119234,10.1943235,1.259033797,35.225193,4.499629733,4.548954113,3.874891864,3.864886617,85.36079332,79.93996661,125.6539761,104.5871169,153.0523436,189.299615,170.3415014,101.7929563,-1.167878657
1.927652474,19.27176461,28.35098826,82112.754,8.81269158,9.571691024,1.250775476,33.50088,4.50535308,4.5539478,3.847382225,3.838925676,82.09215337,75.22585534,137.9954284,105.3013374,163.3956374,179.5371425,159.3201594,88.81149973,5.200261353
1.928004867,19.30432252,28.36934384,80087.81756,8.373177616,8.79534189,1.253161505,33.307336,4.506192644,4.554616847,3.806348249,3.796871127,83.67430777,75.58222761,130.753301,100.1797586,156.0742114,190.1188822,143.806907,92.02601484,2.97637128
1.928357259,19.33688043,28.38769942,79767.73296,8.071678168,8.002177208,1.253686201,33.113792,4.602786982,4.649834715,3.999377452,3.899867167,84.69927704,73.46575231,122.4396746,95.17115401,155.9020033,199.0884474,152.6938239,82.85141003,0.925880166
1.928709652,19.36943834,28.406055,81564.33442,8.670347243,9.300782814,1.247602116,31.585373,4.600722997,4.647782837,3.930887594,3.959330284,84.19685494,68.60268371,122.2822959,98.11827385,154.4304084,203.4041494,153.2453347,94.29763758,-0.926904286
1.929062044,19.40199625,28.42441058,83837.43166,8.84066902,11.35551814,1.252225702,31.600622,4.747471522,4.799124229,4.110900873,4.141510163,87.30074191,79.46098554,132.6017253,98.59766915,168.7737933,182.8437133,164.7778943,102.492224,-0.683219009
1.929414437,19.43455416,28.44276616,82868.40045,8.510011776,10.75426408,1.251484671,31.1812745,4.74420399,4.795569049,4.1022887,4.129583187,83.02693468,75.23548367,119.0127967,100.3498674,142.2031074,183.6945069,171.6060496,120.7005481,2.27807676
1.929766829,19.46711207,28.46112174,87007.43177,8.463430691,12.45510794,1.246309988,30.761927,4.740409051,4.792447276,4.118722991,4.146853221,87.3315732,77.48400644,97.15172959,72.82727094,165.8123882,243.5591197,176.0271075,118.878344,-4.75517632
1.930119222,19.49966998,28.47947732,87196.07935,7.953435628,11.75388207,1.24604618,28.90858747,4.740225127,4.79209234,4.111120785,4.13456701,86.76396076,73.76139524,82.51001758,76.17018887,161.7905628,266.37698,183.8483639,102.4481422,-1.660819774
1.930471615,19.53222789,28.4978329,90528.47697,9.362949176,12.89470468,1.246276653,29.0950936,4.738734545,4.790216946,4.050471443,4.077679639,85.13407392,75.11312969,86.991116,77.50136683,151.6874332,284.4954634,200.8777315,105.1911678,-0.969888952
1.930824007,19.5647858,28.51618848,92340.68684,9.416857845,13.29139609,1.250760904,25.1514672,4.739037806,4.79061907,4.110043311,4.135678217,82.62132691,79.72097451,88.77325504,70.52112529,182.5760868,286.8304859,194.895799,101.3588664,-2.254639087
1.9311764,19.59734371,28.53454406,92746.84665,8.754951209,11.97046941,1.247666638,25.253518,4.738472046,4.789961105,4.068256067,4.097276733,85.50417469,78.02051717,130.93084,85.61729523,166.6372856,244.031549,186.5844358,123.5419677,-2.1961074
1.931528792,19.62990163,28.55289964,91423.70605,8.1279111,11.67158651,1.250094083,24.16966633,4.736524356,4.788149388,4.069034899,4.098738268,84.4743213,73.53899987,156.0191854,118.3070697,168.160826,212.7757374,166.7191722,107.4828433,17.93971013
1.931881185,19.66245954,28.57125522,90908.25675,8.652902593,11.67862889,1.257113707,23.57378267,4.736774649,4.788292472,4.028291754,4.056051142,85.05663218,74.73084909,130.6288498,130.5047539,172.0687268,226.5211545,150.5114492,109.1064418,15.6652342
1.932233577,19.69501745,28.5896108,90586.055,8.811232291,12.43768923,1.243905176,25.0775692,4.736429545,4.788026189,4.060585742,4.087944122,84.28167155,73.40304699,150.5991595,129.5554945,179.2875653,220.9615999,146.1207543,93.73767745,10.93564357
1.93258597,19.72757536,28.60796638,89608.99081,8.598314332,11.14541369,1.25233859,25.495155,4.734598564,4.786320998,4.064451951,4.092355162,83.71100707,72.42913248,148.9981028,128.2898276,163.5575431,225.0799327,149.8575252,94.3690078,7.2080012
1.932938362,19.76013327,28.62632196,88716.60986,8.953360755,12.92917276,1.251060936,25.26173047,4.734674566,4.786230505,4.072055635,4.101353407,84.23699706,72.39587093,143.4463435,103.7054143,174.3000613,231.0878034,149.8259766,98.01863394,3.9532568
1.933290755,19.79269118,28.64467754,88471.42945,7.884946896,12.24606393,1.247303487,25.86699733,4.731225922,4.782755676,4.032469054,4.061832762,84.36953017,71.93960983,138.2437456,107.2447289,159.2278614,231.0777121,148.1719051,112.9968459,-1.54786285
1.933643147,19.82524909,28.66303312,87400.80808,9.107956905,11.44709773,1.255056701,27.22885073,4.735632039,4.787055736,4.030724998,4.056094184,85.10824351,72.13676735,133.0734639,109.8469915,138.5871042,237.3336819,144.8128807,121.6233627,-3.712660853
1.93399554,19.857807,28.68138871,89675.923,8.48277935,11.79109517,1.250429729,26.44880567,4.734670107,4.786263676,4.077262051,4.104332578,82.65132872,76.90955348,135.3262218,100.1939117,144.3295759,251.9074178,151.7784312,124.6241619,-6.135552247
1.934347933,19.89036491,28.69974429,90661.46475,9.489964373,12.58847754,1.251747035,28.275167,4.73849331,4.789978908,4.08789323,4.112581288,80.98852896,74.9918554,128.4599374,111.1450827,142.7238339,261.8525884,157.8492538,114.2367404,-8.0376745
1.934700325,19.92292282,28.71809987,82639.30668,11.44187738,9.58258725,1.202685259,26.91448693,4.245386261,4.295084598,4.234467422,4.25720545,71.33654757,72.22739208,104.410879,64.42442505,123.9307474,279.3875283,156.8933703,103.810051,-8.808581467
1.935052718,19.95548073,28.73645545,81245.02311,11.85990752,9.104738124,1.202346317,26.36200387,4.239808689,4.289931749,4.255848807,4.283871098,70.93279837,71.74706106,96.47891746,79.93814351,95.93152996,268.2874678,157.5352202,119.3669902,-7.522625047
1.93540511,19.98803864,28.75481103,80595.96978,13.34149804,8.141844139,1.199694111,27.49864073,4.249688716,4.299743353,4.221284796,4.254374045,72.91283776,71.39586729,105.5581387,60.89509201,97.17414422,280.3718777,157.7034369,111.3494325,-6.63485232
1.935757503,20.02059655,28.77316661,84191.66427,10.79930697,7.541432401,1.199740722,31.03289027,4.306230696,4.35566401,4.247565148,4.273607614,81.25499181,77.8921169,102.5605913,67.90189691,115.5753114,275.8884589,174.4900117,112.4205646,-1.19060862
1.936109895,20.05315446,28.79152219,87245.40206,10.40533692,6.704781363,1.237813444,32.990623,4.501744044,4.552153241,4.240120344,4.298752159,80.58997679,78.51951065,115.5988678,80.52197855,139.8621352,270.9471152,174.2512663,99.1123324,-1.85551544
1.936462288,20.08571238,28.80987777,93624.43077,10.44146248,9.228951502,1.251574671,34.9495372,4.845849691,4.897741862,4.121090761,4.29963966,85.89441819,76.98172366,121.9172421,110.9107384,146.1092889,235.77399,174.0194082,155.394646,-0.142570541
1.93681468,20.11827029,28.82823335,93223.2705,9.695126458,11.99740532,1.258623075,33.23461107,4.843666061,4.89541181,4.164121755,4.228973747,85.42035969,78.73909259,133.648354,126.348717,149.0757704,196.5657695,188.4698463,148.4116097,1.543606396
1.937167073,20.1508282,28.84658893,90088.59326,11.78266217,11.08917455,1.258776008,31.51968493,4.845288723,4.896876509,4.192978403,4.238055533,84.61191875,80.30673899,123.8822146,139.4280835,158.9313717,177.0433121,180.0883559,130.6047192,-0.173372979
1.937519465,20.18338611,28.86494451,91910.99197,10.62470379,12.90232016,1.2575053,33.30030133,4.844817979,4.896276531,4.172142078,4.246696239,79.53870646,77.77459571,149.7189881,115.6051548,144.9725073,192.7558119,181.6616161,148.1649026,0.101396214
1.937871858,20.21594402,28.88330009,93794.89062,10.18520438,13.57932883,1.247390966,29.50329913,4.842957192,4.894719399,4.255009955,4.281873165,79.83372147,77.85847588,109.1424892,109.2967253,147.8849842,220.1180955,203.9428366,152.9581472,2.98913896
1.93822425,20.24850193,28.90165567,91073.23756,10.05785579,13.2804838,1.248224684,35.6850078,4.830819116,4.882715256,4.141096261,4.161061589,81.01408865,77.22880823,119.5059574,105.5592835,144.5654637,227.9052394,200.4955074,120.5613666,1.67249338
1.938576643,20.28105984,28.92001125,91121.30573,10.92699997,14.78299876,1.247208361,33.44692367,4.821074545,4.87306693,4.16454782,4.181958583,84.08074957,80.60223453,121.8072237,120.5545833,152.5619059,181.1817966,183.0963653,160.497909,3.334789993
1.938929036,20.31361775,28.93836683,91735.69883,9.707851102,15.21407552,1.249079034,34.8334106,4.823344613,4.875050681,4.143646861,4.210413366,84.25666809,80.12811015,128.4548906,132.1526898,165.4447964,172.6627471,174.5003587,153.7288795,1.306072991
1.939281428,20.34617566,28.95672241,88566.47055,9.857515292,11.97703619,1.219188175,32.4334534,4.491347392,4.542468498,4.229833097,4.302911741,79.95662146,78.53109009,100.9591928,121.0082581,174.0834471,210.5703621,176.1076683,107.6057079,3.23752308
1.939633821,20.37873357,28.97507799,84770.7862,14.26775652,11.24884089,1.198978531,33.20177,4.253517991,4.303709092,4.261974262,4.321591884,72.80789649,77.33690213,85.29459983,81.27756083,186.3067713,243.2331675,178.9004245,74.96545139,2.2700033
1.939986213,20.41129148,28.99343357,84294.36829,13.96071196,10.33960158,1.191556225,33.6545466,4.253924619,4.304200041,4.268330639,4.347449607,75.17901415,77.01865261,67.87183461,88.54331483,184.039152,254.7675607,174.3465156,72.08582157,5.3282204
1.940338606,20.44384939,29.01178916,84342.00352,15.84782727,10.63722623,1.203657381,36.05567453,4.257057468,4.307167019,4.247055885,4.347767656,81.77844415,81.02180684,70.65885546,90.57173134,178.8329065,250.2583611,173.712646,78.72401292,3.063426913
1.940690998,20.4764073,29.03014474,96392.17348,11.69540194,9.048043531,1.264676433,32.7536822,4.707771358,4.759433829,4.423225174,4.459763106,85.07272033,80.28483424,112.4399706,105.8746941,188.3638987,249.2958633,180.8195635,132.6042157,0.038059417
1.941043391,20.50896522,29.04850032,94659.5973,10.03453926,10.87509969,1.202100559,35.981777,4.783468217,4.835226537,4.196789893,4.216604817,81.94735661,77.93115166,104.2415567,108.9111542,173.7928563,258.7113327,188.1294788,116.9351335,-3.02033482
1.941395783,20.54152313,29.0668559,93736.61599,9.361037902,11.17756988,1.201120102,34.43693613,4.783009677,4.834703684,4.202383928,4.222463633,79.9503078,72.71511224,141.3310676,114.6367519,148.6852851,237.7647941,172.2565908,134.5500037,-5.9923744
1.941748176,20.57408104,29.08521148,94125.70236,9.469145258,12.7301849,1.201288331,30.24463383,4.776382065,4.828413156,4.218059471,4.2372851,82.05744416,78.58616979,135.8109883,98.804864,129.1784366,271.6013893,178.5013135,138.0732371,-5.1198476
1.942100568,20.60663895,29.10356706,94174.81726,11.23286113,10.79287425,1.199800118,26.05233153,4.80486,4.856055661,4.193123247,4.241621832,85.87458591,72.64294861,147.7534499,91.98526994,140.9702717,244.5606447,183.1652653,146.3413217,-1.89052872
1.942452961,20.63919686,29.12192264,91965.50364,11.46676758,11.35114623,1.230282611,30.04170673,4.799090945,4.850591729,4.272196543,4.288896379,85.76853848,75.19633855,152.0057876,86.97464175,129.6244952,257.1365678,185.9947888,122.1980615,2.53427024
1.942805353,20.67175477,29.14027822,91655.60705,12.15379161,14.79999305,1.268318212,26.8358956,4.793366694,4.845094529,4.296537676,4.300728971,84.53146247,76.62063031,155.3479793,82.222266,136.0036945,259.8850615,182.841979,115.2875919,5.502805727
1.943157746,20.70431268,29.1586338,93541.51629,12.64602123,15.4410951,1.255383368,28.0112424,4.789759408,4.841445081,4.300646511,4.304682665,81.91005601,79.78122345,166.5949685,108.2756971,146.4585095,234.4061619,183.3693173,113.2117062,5.910519213
1.943280766,20.72076035,29.11924528,96459.98498,11.22342434,13.71820257,1.244197721,32.05574573,4.796219651,4.848020341,4.381644185,4.381092629,85.84441719,79.6738691,171.4037498,140.0537136,166.8505817,210.5562148,167.6895699,125.3815158,-0.292612385
1.943610331,20.72749017,29.14636159,92774.18335,11.84525908,11.11552457,1.258607186,28.52032387,4.792499573,4.844589679,4.288955115,4.284409308,85.79065423,80.09582957,180.5787461,163.8131854,148.9232047,152.1241612,165.8229028,136.3077256,1.653049793
1.938760995,21.53456899,26.34147022,93042.99094,11.94913975,10.46231246,1.248851981,34.01700187,4.803930914,4.855730609,4.280061753,4.275006837,83.61034147,78.08380031,157.9156062,168.0903096,155.5041022,140.182174,173.4822355,150.451854,6.008143487
1.939703464,21.54613755,26.43939945,96405.3428,10.46061634,13.87143671,1.251691603,28.25170693,4.806801279,4.858931855,4.408694859,4.393817183,84.08933995,77.87301635,161.9110509,181.9786276,173.2070154,135.518923,162.8212355,163.9192744,4.39156062
1.939785696,21.56014453,26.40236731,89830.68936,10.77307972,10.29272406,1.245508356,26.68105957,4.397775357,4.447308415,4.420568373,4.415266892,86.07207685,79.72422795,177.8223438,141.6872665,131.0400847,138.7679535,169.6143194,159.185127,-18.1036508
1.938843931,21.54869565,26.30412164,90442.50859,11.0702965,12.09033059,1.260581579,25.1104122,4.726721011,4.77895875,4.16806184,4.136275624,87.26136735,79.48820652,178.5800104,134.0536658,123.366101,134.5368359,162.1390925,191.4764373,-14.429915
1.931269163,19.67410656,31.16300327,92441.95688,8.967674624,10.81858786,1.27561506,31.301506,4.724017236,4.775786126,4.271266954,4.243917922,89.12162754,81.56527463,176.8392384,141.4521489,120.4139423,134.7929252,167.3984004,202.830306,-10.9374828
1.931042976,19.60398844,31.23199045,92434.29056,10.49086778,13.04698871,1.283793011,26.2212444,4.724998781,4.776752553,4.262092665,4.235813968,94.53906049,85.97045539,168.5297838,129.3399418,129.5796246,147.6444561,171.109602,195.6480778,-14.50339487
1.935418527,18.47092355,34.67128069,91064.39108,9.983263554,12.45536153,1.280597803,27.237062,4.721470013,4.773200737,4.200876874,4.183298232,85.85020964,78.57249215,130.7295024,115.4683985,136.9808403,187.3631217,195.9121291,154.3738724,-10.3096864
1.935198103,18.38973214,34.72512835,88707.07033,9.396671672,12.57824346,1.287712682,32.41585727,4.721454829,4.773174929,4.249704899,4.212804083,87.04447837,77.5714668,85.24685288,85.90301752,180.0816898,238.5301181,191.9280432,106.7876097,-12.8111866
1.934828169,18.45349577,34.34815493,87358.56821,10.76734732,12.13109595,1.299113365,25.58078533,4.721261998,4.772601095,4.258231027,4.234265688,87.20199052,80.20066679,81.50356398,73.22888631,179.2379801,222.436376,192.372453,125.7848111,-7.944517073
1.939495917,18.48728246,34.63717826,87297.61118,10.15842813,11.95959945,1.302610843,27.76139287,4.72040617,4.771988903,4.220248492,4.230669145,90.46744473,82.0158785,105.1932364,80.95114748,171.6004169,215.2773087,185.4737119,120.180983,0.092219708
1.939250704,18.40550986,34.6868169,87996.95927,11.16604835,13.55851749,1.302538646,24.36086573,4.719739535,4.771138067,4.224800223,4.243047625,89.41122307,82.6062085,113.5038885,91.60096992,163.9119595,213.3691418,173.3622214,131.6173923,1.074724279
1.939891183,18.30813895,34.82901507,90380.06902,10.18501823,12.39583169,1.295957719,25.5250678,4.719759331,4.771253022,4.244642352,4.241626225,88.12626635,79.41840458,124.5312066,108.064742,160.7664303,195.3883286,175.7338331,148.3803696,1.560024069
1.939921875,18.30479353,34.80627232,90767.26535,10.63031131,13.54543198,1.303125612,26.68926987,4.721823811,4.773292208,4.221246135,4.195737219,89.89528775,76.42551821,134.0452696,100.5298237,148.3850848,190.8844076,177.5534358,167.2305182,0.333832857
1.939952567,18.3014481,34.78352958,96085.47747,9.600956593,14.83130312,1.299447463,26.1051166,4.71312298,4.765130818,4.280106251,4.263299095,86.89004067,79.99502606,151.9089325,144.4019898,152.2187561,183.9119843,178.1359305,163.6895652,3.551753227
1.939952567,18.3014481,34.78352958,95159.87709,9.006615238,13.72456833,1.302381314,26.21713804,4.706554779,4.759099294,4.274748079,4.258674648,87.98795696,79.21972815,152.236409,158.3526967,170.5510682,181.4738486,154.9959165,147.5865788,0.179614764
1.939986049,18.29779855,34.75871931,96936.37914,10.08992353,13.39145824,1.296007403,26.32915947,4.43405646,4.484387217,4.531682689,4.521116074,88.36473489,78.95910861,140.8728778,151.665285,174.8034117,193.1261164,162.3209917,157.610398,4.5240853
1.940142299,18.2807673,34.64293806,92921.4283,11.20584355,10.10961069,1.333652935,26.02535207,4.433000959,4.483126753,4.478669738,4.51403576,90.84155783,82.79970494,112.4335941,131.0754959,180.4061567,241.7116654,160.5649598,109.2176494,3.012923727
1.940254048,18.27357901,34.60628978,94146.18086,10.99382676,11.89278017,1.342938814,27.0751878,4.432813496,4.483076146,4.507124669,4.520837678,90.28439592,82.5793806,98.17601032,145.6867887,179.520336,260.2146173,152.6961658,108.2854846,1.552034589
1.945789474,16.94574826,38.69197844,88401.39955,12.6711187,11.46055583,1.343944408,24.99780487,4.429676108,4.479808763,4.465796323,4.505073853,88.13677006,84.03430933,99.54925221,125.5562448,169.6094654,258.0224087,146.6739602,88.97047396,-0.746996791
1.945859226,16.93814521,38.64029169,88885.897,13.53082298,11.78207824,1.348894064,24.0054466,4.432309908,4.482398193,4.426640853,4.500615469,88.23707824,83.48519735,108.7115281,113.3608932,169.4135556,253.1944388,153.4082742,96.95115424,1.221362927
1.945967026,16.92639505,38.56041218,84151.17376,12.39987847,9.106225661,1.355728625,25.87403607,4.431911742,4.481950731,4.410352011,4.477351375,86.04975601,85.72873353,118.240022,115.4580076,164.8599907,232.9902117,132.4780584,86.52404011,-4.132136887
1.946039949,16.91844642,38.50637603,85967.13038,11.97136926,7.612887057,1.34175741,33.20176567,4.435893103,4.486338336,4.436836432,4.491570063,86.61897909,81.38351084,109.7688161,120.8983219,152.8384388,238.6614017,141.2545648,103.1524038,-4.531036673
1.946458465,17.03849081,38.16661065,88723.9131,15.20482674,9.066402127,1.345814608,32.16248633,4.445966395,4.495720876,4.44701871,4.496430362,87.34223206,81.44500843,96.93535627,121.2776167,156.0817721,240.9261174,160.8451513,114.9604599,-6.015292633
1.947060897,17.56237821,36.85944551,87278.83724,15.21557058,8.327103762,1.3558136,33.5290344,4.444392195,4.493786351,4.433755187,4.482580523,85.21431057,82.59420711,106.567753,75.1243087,160.7290401,258.0899646,177.3991888,100.8445744,-5.025623087
1.94810958,17.88444729,36.02673182,99425.63865,11.42803324,12.30782366,1.337613134,34.02990467,5.137567896,5.185073321,4.695299907,4.678870176,95.38251144,78.41020723,144.1007078,108.9119948,167.8476996,272.7183251,177.4853923,134.5229226,-5.6556631
1.949599359,18.40467628,34.77820513,97450.92198,13.23687639,13.36613881,1.334934565,31.13024913,4.935095142,4.987820145,4.570920147,4.546400421,89.28202713,82.59872386,145.7749655,88.0071093,170.3536141,282.0729474,185.5125856,114.8613793,-6.009127653
1.948952259,18.45769946,31.26048062,99452.31931,14.02723349,16.05164825,1.356259596,31.80237747,4.936403987,4.989211348,4.601789401,4.57235336,89.67396872,79.07632038,173.3814323,111.4978896,161.7474519,251.4919634,175.1367061,138.3636845,-7.32214184
1.95049007,18.97700192,30.02176169,98317.33685,12.25208428,15.25243463,1.345411803,36.228104,4.934301732,4.986877486,4.526622564,4.501686915,88.96995827,81.49927271,206.3150531,101.711763,160.4119593,216.4265278,186.524409,135.9893386,-1.772921729
1.95201538,19.49357257,28.74559436,96783.02997,12.22805402,14.41450746,1.345225805,35.36947107,4.934591747,4.987079687,4.490237484,4.461792921,88.39372202,81.73720547,200.1169837,108.6302052,151.0407528,214.0235523,177.3013909,139.8004222,-1.134401683
1.953785509,20.00473987,27.5916023,94940.29632,11.42826841,12.28438309,1.346128738,33.95483304,4.937919694,4.990463373,4.464458806,4.443994827,88.23304682,79.68061813,201.74496,97.51511779,169.9145655,216.8355345,172.8778416,114.2268045,-0.746989049
1.95500801,20.53712913,26.28294136,92759.11978,11.91567125,11.48709697,1.353854989,32.540195,4.955471139,5.00772714,4.253446731,4.338233117,92.51981558,78.7884656,183.9291693,106.0240649,169.1149063,203.5180726,172.3699528,112.9760539,-4.829759507
1.956122186,21.00363987,25.0901672,93322.43204,11.27733532,13.27537588,1.353361146,33.60645,4.951542016,5.003912053,4.231016254,4.403512705,92.8871767,81.94054646,181.6039107,107.6808198,173.3564403,210.898428,167.4612717,112.089053,-1.54582466
1.958071131,21.57300224,23.76805511,95317.59971,11.6796974,14.29184983,1.345522397,25.1162774,4.957284678,5.008962336,4.4533152,4.523555265,89.68788064,80.05687437,170.165614,101.5584787,176.0860348,219.7719251,181.7161072,121.2210455,-2.270304947
1.956173077,21.18776923,21.36150321,95319.0045,12.71331542,16.10120986,1.349087043,25.97608687,4.952662235,5.005050601,4.390765705,4.427879533,88.27375456,79.27579446,164.7255011,86.32776522,180.6866288,223.3530649,195.5344098,118.775086,-1.736949167
1.957279645,21.2711858,21.34565948,96767.91079,9.665508924,14.88659036,1.348120792,29.366056,4.949399692,5.002017627,4.48856949,4.495127152,90.45201046,78.09745667,178.3061602,122.1928672,180.1268425,214.555438,180.6791532,110.266722,-9.122492247
1.957925127,21.45579632,20.81616751,94792.713,10.38571696,13.19302399,1.351576055,26.87343147,4.950789697,5.003541751,4.442189937,4.484945949,88.91226258,78.7853582,196.3844619,152.4234646,170.4913143,199.2498764,144.7546132,107.2078355,-9.734707467
1.958362944,21.5813769,20.46073287,96278.92259,9.802950976,13.43263892,1.348315401,33.19590187,4.947566565,5.000281005,4.511968099,4.517883481,89.23587632,77.59880438,163.7452311,125.0685494,167.6003999,231.4015934,165.5717383,125.2700061,-10.81409167
1.937940814,23.88117756,14.58771476,97359.1473,9.551745673,17.02087134,1.355369693,28.68571707,4.944941206,4.997730918,4.435945518,4.434155549,88.35748406,75.99224157,170.2404423,101.562177,169.1863251,237.8619535,185.9983216,125.31127,-10.67265827
1.957462879,21.71186572,19.7330439,98808.59696,9.051128326,16.39727522,1.341755631,32.9964928,4.942930923,4.99580423,4.451872348,4.493891052,85.58762446,76.7468812,170.7499,86.43010047,155.2158326,280.3171267,191.5264474,120.6713726,-10.6506275
1.958538462,21.86624038,19.44120513,92449.62212,9.494054065,12.3469006,1.349743968,33.9008746,4.81369373,4.86583176,4.403139085,4.420407016,91.55811674,78.31706158,94.63623401,83.96745519,156.5041573,251.3738719,191.2214579,149.4392148,-7.645180687
1.958538462,21.86624038,19.44120513,95109.99781,9.898798949,16.80062743,1.352580753,29.30271473,4.961645813,5.014431888,4.419742322,4.437872733,89.53509915,79.2911578,97.72281988,120.54763,153.5004468,242.3906233,191.1512532,148.7379731,-6.819903207
1.958538462,21.86624038,19.44120513,97123.63649,8.945952374,16.62221496,1.344117262,28.69744693,4.959902511,5.012589171,4.461717775,4.479244068,93.71920075,80.46521665,113.6770455,119.9032804,154.4726834,232.0997296,190.0572978,166.3184475,-2.076787027
1.958326923,21.8055641,19.6129391,97420.56699,9.354696818,16.89212638,1.344191398,30.6716068,4.949967476,5.002469465,4.530536429,4.548167024,89.76698112,80.70584126,126.4416911,117.2156211,175.1740366,246.0233409,189.6842245,127.9234622,-0.749400806
1.959427299,21.96235126,19.31869551,96081.3669,12.34577563,18.73934923,1.35260736,32.55837817,4.94204529,4.995074337,4.425786143,4.442192897,87.89168133,80.35645533,124.6522427,110.9539062,189.4361197,263.549708,188.9185263,91.35044383,-2.269221925
1.959638554,21.94779962,19.43061826,93372.96107,7.972071372,11.96716129,1.34577826,34.44514953,4.966012006,5.018142548,4.534151058,4.515544403,92.81120763,80.36061731,118.9836367,97.93582387,196.7582911,221.4811752,203.4922815,102.4628437,-0.966369637
1.959429296,21.88777743,19.60050095,93608.43499,12.57269672,14.70490278,1.351818398,26.4300378,4.971003081,5.022450282,4.530217432,4.574439153,83.56570449,79.35588408,117.729842,99.72546667,186.0395716,209.0244408,193.072046,137.4639466,-1.623282327
1.959638554,21.94779962,19.43061826,97949.90102,10.0211405,17.12394052,1.349431674,29.78716407,4.978138307,5.029972184,4.64754646,4.684727751,87.11494954,78.22366556,135.7675672,104.4451707,178.3031413,200.9372074,194.9584984,174.7662389,-6.2732058
1.959638554,21.94779962,19.43061826,97613.92388,8.740004038,15.38410289,1.351722232,27.8998072,4.976851169,5.028570346,4.571341553,4.655450858,84.75050348,78.94692842,146.5941527,75.70790624,167.8135038,219.3755768,204.9663695,173.5723378,-5.5912501
1.959429296,21.88777743,19.60050095,97597.84081,9.957718452,14.98791745,1.344494191,33.46451713,4.972577781,5.024621957,4.602690469,4.658967357,91.03622387,81.23475121,159.7864756,91.65615174,160.0661408,216.6798737,205.9529091,156.3615038,1.837629973
1.959638554,21.94779962,19.43061826,96623.7922,9.998922663,14.4158133,1.345991676,32.08859027,4.965604226,5.018171261,4.648820724,4.666251078,91.59474399,81.28641427,152.5288854,125.5487962,157.8362946,219.5799919,187.0732312,137.1473693,1.90781486
1.959638554,21.94779962,19.43061826,95201.32458,10.52603104,14.11654803,1.355749689,35.30378407,4.968245789,5.020562447,4.535165095,4.588304655,91.6343326,81.5125731,119.4789247,141.9256703,168.0394978,235.30579,174.7217892,119.7369923,2.969153547
1.959638554,21.94779962,19.43061826,93504.97483,9.320228353,15.03928438,1.354526155,33.9090865,4.962758398,5.015075217,4.382404032,4.478004653,92.43238972,80.29223745,125.782203,113.6951771,190.5423848,233.2799091,177.6067423,102.8950456,8.8824461
1.959429296,21.88777743,19.60050095,92970.50207,10.31631633,14.76289663,1.347473271,32.51438893,4.974168566,5.025606422,4.331332364,4.430328362,90.27613205,82.14552545,104.7866226,129.3312956,197.7147483,247.5843303,152.3421662,102.6187265,6.125008933
1.959638554,21.94779962,19.43061826,95138.19983,9.895870345,15.60237485,1.348062041,31.19828227,4.971766905,5.023694879,4.36450618,4.421534713,92.5224205,84.35603782,79.91866974,120.5994952,216.9013371,268.8501064,159.3065267,104.9892432,-1.472900353
1.959638554,21.94779962,19.43061826,97992.07813,7.971051164,14.91366528,1.347798622,29.32324197,4.968999771,5.020873637,4.496170617,4.513078108,93.53655267,80.80087778,130.1052031,123.201126,196.7690082,253.0215374,172.0983235,112.9721052,-4.879960493
1.959429296,21.88777743,19.60050095,97308.47467,9.526858137,13.95718611,1.353256593,27.44820167,4.974748685,5.026052685,4.546245527,4.562320075,88.09018084,77.51904343,140.0902722,121.6248325,167.4556871,259.1861098,167.5093862,127.7012113,-8.7018786
1.959638554,21.94779962,19.43061826,95547.84328,8.753687778,13.56428429,1.346381665,30.19888753,4.972736741,5.024357626,4.497342256,4.516180182,91.69388952,80.92410803,141.0200493,121.1778779,148.1858113,255.496502,165.7670204,135.1894904,-11.87200647
1.959638554,21.94779962,19.43061826,92087.19492,10.11945311,12.1443817,1.347545679,29.98070867,4.970302423,5.022079649,4.399471996,4.429151678,91.71838378,81.80887305,151.2284535,113.4989843,133.736269,209.262042,171.8305971,155.6449446,-3.727979967
1.959428934,21.88713832,19.59532678,91508.82358,11.22699117,13.68771072,1.352824901,30.78773293,4.964804778,5.016532451,4.44513546,4.463342705,89.56562599,82.14348712,126.2733839,117.4081643,131.6592074,231.8024623,172.7867754,144.1698604,-2.2467244
1.959200508,21.82161802,19.78077094,93083.18424,10.98772314,14.22165082,1.349377131,31.07511853,4.950495031,5.003303695,4.480334973,4.499370774,90.54507948,81.74609581,99.8276041,126.0921583,166.8309955,242.1539537,165.8770923,133.6453175,-1.521337687
1.959200508,21.82161802,19.78077094,92263.89806,11.67569143,13.33866619,1.351038224,28.87926233,4.966459019,5.018392521,4.427529876,4.457149136,92.26697051,85.16301927,105.857601,117.4447779,180.4671301,267.4075014,156.8552814,99.66442896,-2.117413767
1.958991117,21.76155774,19.95076142,91156.79004,11.85635938,13.23929305,1.351663158,30.79477117,4.969331861,5.021125712,4.435707569,4.461838539,89.27444339,83.78849867,104.2578655,131.1817893,177.0774386,259.4650886,146.6582487,97.77095355,-4.1213863
1.958114176,21.7441501,19.77956062,94040.80735,9.001445505,15.1674037,1.349333918,32.71028,4.967363663,5.019787464,4.424316397,4.438486929,92.82562717,83.44776586,108.8825568,106.9900732,187.4116887,256.5082835,179.1170871,106.7144044,-3.848233973
1.958781726,21.70149746,20.1207519,95448.88002,10.32887987,15.94492654,1.3515342,32.0029596,4.970534948,5.02248982,4.477678528,4.488733667,91.31753444,83.95091289,140.561788,126.5829626,177.7988646,211.9341553,176.0845725,132.7816948,0.31450396
1.958362944,21.5813769,20.46073287,94495.25596,11.01703665,14.06324457,1.35107006,29.59713793,4.972853139,5.024835019,4.465205678,4.483641672,89.15969329,81.31303368,147.5684151,130.0750047,166.0094108,210.6014853,168.3678972,135.3197559,-12.04644977
1.958362944,21.5813769,20.46073287,96704.99242,10.79113635,13.62745339,1.343480557,33.78122867,4.970469633,5.022181315,4.561672172,4.574927283,88.68975015,82.56293838,175.4715134,122.9605562,151.6707894,230.5318817,179.2125892,125.587242,-8.7663452
1.958134518,21.5158566,20.64617703,94784.44367,11.00222525,14.66878016,1.345677428,30.793598,4.969301152,5.021867671,4.448393999,4.460305238,90.17043487,83.32577412,196.5528842,119.6775304,124.9278411,197.6646106,157.0514703,174.6737209,-7.37801256
1.957925127,21.45579632,20.81616751,95977.56964,9.01877741,16.80534124,1.349198525,33.15953933,4.964086574,5.016878412,4.442651344,4.451416412,89.99971239,82.07278799,194.8294721,90.91484968,159.6044222,197.8835462,169.0702028,169.501232,-7.608020967
1.957715736,21.39573604,20.98615799,96295.64051,10.92860934,17.46884971,1.346065221,31.2287792,4.964949446,5.017610971,4.472087023,4.483094897,89.55816371,81.82256876,124.8692264,129.1176763,155.7477337,235.9540689,173.4304839,151.9451789,-6.529299967
1.92784264,20.3827665,18.54606916,97351.68088,10.56877527,17.87752877,1.353669215,29.513855,4.966964678,5.019616531,4.477360535,4.488430655,90.97200495,81.41496223,104.558731,106.4943,170.6528606,274.9793417,187.6200705,132.9880746,-6.6386609
1.927633249,20.32270622,18.71605964,97490.85987,9.952103302,16.82867767,1.346735378,32.56130893,4.976285076,5.02864034,4.447461711,4.45885572,83.98959214,78.62079311,154.1200295,95.65767473,170.5248141,255.754383,205.1150575,107.4581872,-2.108106993
1.927404822,20.25718591,18.90150381,96581.13683,10.40884794,14.84837741,1.341681286,33.28974,4.977622514,5.029579845,4.463427144,4.474339704,87.15236194,80.13157998,148.8535832,116.0275922,177.6462027,248.3536674,184.3582061,103.3225631,-0.108981161
1.927404822,20.25718591,18.90150381,96287.82866,11.11313631,16.26685964,1.352200558,30.6458006,4.979481282,5.031756149,4.465401903,4.476722288,87.72504007,80.51042788,138.7669764,121.4942948,169.0737705,266.2423228,167.2757432,110.9076584,-3.267588007
1.927195431,20.19712563,19.07149429,97440.92652,10.86750002,15.67163593,1.351455024,28.38191033,4.98035111,5.032266458,4.551499343,4.558969307,86.88269691,82.19845255,153.1271622,133.1473532,171.904328,244.8110805,167.9926398,116.9670956,-6.346786067
1.926986041,20.13706536,19.24148477,94523.3016,10.94826004,13.51899757,1.351154081,29.49156787,4.982555322,5.034803071,4.473818594,4.479138408,86.17342166,82.9141778,145.3006835,92.39994538,157.422057,247.8032894,186.9583081,127.8587443,-4.303593033
1.926986041,20.13706536,19.24148477,93945.39126,11.36332439,13.76223268,1.35487001,29.28981193,4.980874414,5.033033404,4.487004129,4.49734079,85.9946609,79.5762209,149.7188941,94.55268363,154.7133057,248.7664371,183.3201679,121.9415003,-3.00031074
1.92677665,20.07700508,19.41147525,92728.07285,11.75744416,12.85663058,1.349173191,31.91850573,4.981991576,5.034156258,4.378331284,4.391725403,89.81212095,81.71840997,161.3238235,110.0749839,145.5424149,228.6118388,188.8884712,108.6002853,-3.922814187
1.926548223,20.01148477,19.59691942,90957.42566,11.20007151,11.26990563,1.349204072,31.03640933,4.981115516,5.033692405,4.394837501,4.404634987,91.40645608,81.72500023,124.8470727,124.1677602,145.4837153,209.2650157,187.5782862,127.2607328,-5.8231417
1.917061241,22.78645499,14.24839704,90618.50934,11.55840072,10.25705026,1.348943876,30.45694787,4.972136155,5.024919658,4.363289006,4.368267502,91.14774893,81.86751897,125.0005367,106.9709308,125.089071,215.7504126,186.073625,156.334892,-3.1732144
1.917061241,22.78645499,14.24839704,91814.5256,13.05957056,12.51490213,1.346242997,31.53258767,4.983834997,5.035482031,4.408964875,4.417888607,85.89868274,78.7953177,119.6157132,93.34878465,137.3491959,244.9143877,192.7835313,137.9663307,-6.017337827
1.916925606,22.74755035,14.35851007,95096.75751,11.22347264,14.13136305,1.352087617,32.30676813,4.97628922,5.028592512,4.438067488,4.448642681,87.10169001,81.11939848,127.8348685,94.84049868,151.8083832,249.2128176,197.4073343,138.9753216,-4.48226774
1.916789971,22.7086457,14.4686231,97050.94737,12.25555799,16.8070446,1.340362188,32.8698084,4.972956421,5.025527999,4.447990241,4.462759796,86.63451722,78.36702449,126.9129172,105.4837133,177.8886209,253.821729,195.6391924,119.1112789,-1.176907753
1.916789971,22.7086457,14.4686231,97092.45422,9.996991051,15.41306925,1.34741492,29.47514613,4.975664288,5.028197759,4.44438471,4.463083125,84.82381346,83.84263908,101.0999291,110.2829637,192.6713079,255.7563586,195.6872401,118.5940972,-1.2284489
1.916642006,22.66620427,14.5887464,96264.57774,9.905718792,14.968291,1.353836168,30.14844727,4.975205786,5.027705016,4.436910941,4.453716942,91.09073024,86.38413037,96.11492275,123.7385514,175.5370829,252.0656294,190.1053444,127.4793683,1.435071377
1.916506371,22.62729963,14.69885943,94806.02706,10.80151502,13.51369928,1.355932599,28.1625592,4.979225613,5.031221668,4.478682669,4.497407768,88.07623015,89.41464433,104.4391156,128.9806991,175.7700855,253.1594142,181.0103213,109.1589078,2.942358427
1.916509764,22.62619527,14.70103803,95116.87935,11.443053,14.59621,1.354743709,22.778489,4.976237951,5.028273787,4.479212516,4.496201384,82.17172071,87.4659402,102.5819074,135.5597549,175.629678,258.6319458,172.1647763,111.904159,-1.914973307
1.916374101,22.58728263,14.81117369,97470.12106,12.05764483,18.32959485,1.362529109,30.41941113,4.970695868,5.022932232,4.499648273,4.51868449,82.05389039,89.60301644,102.675719,147.977701,176.9288519,256.3651804,166.8482674,127.370788,-7.34129354
1.916238438,22.54836999,14.92130935,96934.30928,11.22981216,16.80361784,1.350155147,31.18420713,4.965711356,5.017992969,4.543302156,4.559840327,81.11751475,89.51661267,94.05450977,129.0685384,177.9434834,266.0853502,186.0787108,117.9356902,-7.936713953
1.916090442,22.50591984,15.04145735,98788.00458,11.10538066,16.36934179,1.348532087,32.2070618,4.966471923,5.018519672,4.481346805,4.495613286,85.14649475,86.31724681,105.8421618,106.4531206,173.3971995,272.1559777,194.6524215,139.0864524,-11.8456958
1.916090442,22.50591984,15.04145735,96259.20079,11.64967342,14.0702371,1.345963353,27.46931553,4.974869493,5.026470262,4.350554951,4.373552131,86.82874248,83.23472501,124.0949531,84.85011969,146.5050688,262.4335068,201.1910098,151.2991925,-9.616718187
1.915137157,22.6428138,14.38467165,98214.38711,11.14943996,16.0885657,1.353333217,29.4892222,4.972382545,5.0241711,4.419080232,4.44113399,90.55498562,84.5179954,139.6782638,97.17524238,131.2815798,255.8139022,195.7498133,172.9684281,-9.296598
1.914828518,22.56154646,14.60984411,99950.41731,11.29628974,17.46439015,1.352982746,29.91736733,4.966615118,5.018889214,4.521464514,4.538996406,83.34202972,77.44139401,128.0970398,93.268366,145.0953005,261.4967714,196.1034622,182.9347444,-8.7140024
1.914828518,22.56154646,14.60984411,99365.2813,11.2265161,15.94458372,1.357009457,32.069823,4.960412129,5.012821823,4.555145197,4.574865886,88.10415404,83.44865057,119.7477718,103.9791987,144.4496563,252.9905135,200.736409,178.3065033,-8.63095622
1.914713217,22.52121363,14.7288404,98671.58649,11.98345431,16.72703201,1.343014826,31.76484147,4.964698797,5.017278683,4.494736676,4.511118622,89.03804903,81.9615172,145.557982,103.1540345,158.4927157,244.8352563,193.1026813,153.3520422,-6.33889832
1.914438903,22.44253117,14.95153782,97902.94957,11.30400072,15.44837487,1.34791598,28.94612293,4.923162032,4.975734466,4.415485947,4.43401103,91.7814279,85.44062905,149.4956408,109.0940864,158.9872133,238.5731102,193.3889357,142.2982242,-5.247524067
1.914438903,22.44253117,14.95153782,100282.3428,9.194391466,16.17621142,1.359303555,32.904999,4.890034828,4.942704292,4.532356455,4.532792122,91.61406973,83.98751027,169.3804365,116.3329581,155.781962,206.570933,191.7068834,179.2851628,3.01474498
1.91415212,22.36027224,15.18435786,100572.8703,9.353696755,15.72769475,1.355740273,31.9671851,4.89429277,4.946489003,4.55303313,4.566045776,91.69689568,83.47147441,134.8023348,146.9893814,197.4553684,208.6695597,191.1604701,136.0168901,-4.058543333
1.914014963,22.32093101,15.29570657,99725.42026,9.572270375,15.58313208,1.349873544,31.0293712,4.896279613,4.948449997,4.577594785,4.586270559,91.0274153,83.82234695,112.3566606,120.4650737,212.8827145,236.2378205,203.4520694,116.7094516,-8.49843924
1.914014963,22.32093101,15.29570657,98925.65411,9.119564918,16.10318332,1.343126119,33.08681333,4.888156775,4.939945085,4.472040534,4.458075407,91.37639684,83.13957395,86.90892449,91.97766572,189.6352172,254.3444653,216.3998906,149.9763683,-8.13333914
1.914014963,22.32093101,15.29570657,99011.63236,9.378066086,15.89120566,1.353195037,31.3413908,4.891043525,4.94281506,4.453332265,4.452517377,92.18738452,82.27497266,94.40006063,104.9287947,159.4231546,266.6706238,214.6674015,151.5113565,-7.639939213
1.914014963,22.32093101,15.29570657,100341.1083,10.79173982,17.5915527,1.351544335,31.72026774,4.887304683,4.939486646,4.548277819,4.508870965,88.19511393,81.30927971,93.81048475,100.3643769,162.5216884,280.8149706,221.0147775,145.9580827,-9.030657867
1.914014963,22.32093101,15.29570657,99951.24469,11.99122895,16.64723863,1.351514065,32.09914467,4.887818657,4.939968393,4.51473126,4.520852155,87.05103909,82.26178327,87.42822283,72.29671571,180.7094643,311.4413029,236.1039125,111.4730253,-12.12623233
1.913877805,22.28158978,15.40705528,93204.1751,9.305519858,11.87862465,1.351076771,34.0474998,4.693520377,4.744961553,4.454870731,4.471284998,91.08822687,85.57316178,108.7534799,93.259467,152.3151302,248.1997264,210.5755694,124.3204685,-11.2097922
1.915009288,22.36821672,15.32050568,91316.3622,8.85495991,7.013923885,1.350655332,31.34842664,4.634032201,4.684740827,4.419781712,4.458350239,90.5254129,82.45238656,109.673264,95.96761622,136.0479044,237.4719439,204.9825983,134.9104955,-13.1691854
1.914758564,22.28914156,15.54908791,91042.43682,9.314104397,8.682104306,1.342174347,28.64935347,4.846859361,4.898383701,4.331708652,4.338750836,89.29913501,76.24553757,164.514063,81.0920777,146.1917202,221.5729404,180.8622864,133.0784273,-8.579028067
1.914758564,22.28914156,15.54908791,94170.63049,12.12517722,11.8103462,1.337801523,35.96301013,4.832302768,4.8841655,4.41529233,4.4211775,86.89478314,83.34731131,182.1761693,109.9919904,170.3031294,195.0593429,184.7141083,119.2490443,-11.0512847
1.913696869,22.15002281,15.83255235,96736.83914,11.83021233,15.36869311,1.341073501,36.1438195,4.833077068,4.885237126,4.470997646,4.477192212,83.9002217,83.52692851,148.219532,116.5490225,187.3683194,223.2628272,184.0283893,120.6003791,-10.50519423
1.913696869,22.15002281,15.83255235,97541.11477,10.98904916,17.93550407,1.358647468,36.04526641,4.806529933,4.858612542,4.487764012,4.486218151,82.75332831,84.5428669,141.7174951,110.5114416,175.9999738,226.2394737,186.7435319,144.9946916,-9.732618967
1.914815119,22.14860723,16.05136401,97203.70418,8.607012304,14.39685113,1.352196472,35.94671331,4.814643392,4.86659182,4.53332996,4.529922876,88.58790091,84.75539453,166.1870013,103.1184388,165.779722,195.2733289,180.113439,177.397356,-8.3037107
1.914815119,22.14860723,16.05136401,96234.02622,10.04056943,16.17693424,1.350567296,35.84816021,4.819117129,4.870912502,4.437268262,4.431594987,84.05323047,84.53484644,176.193084,102.3508646,165.711349,192.7507814,178.9520241,164.7297671,-3.837510733
1.91467954,22.10971857,16.1614318,97505.82381,11.51881367,17.85057053,1.347064415,35.74960712,4.812330302,4.8639912,4.45428234,4.447473085,86.83387672,87.86562123,163.7675106,109.7458295,170.2193669,207.9310607,179.761525,159.2750373,-5.796413147
1.913516756,22.01905461,16.25611295,96146.39818,11.91718028,16.39389817,1.356130306,35.65105402,4.813948741,4.866338738,4.3745262,4.370018856,86.7210377,87.31055009,140.4621046,93.08570941,161.277586,255.5386421,193.3662356,128.8275495,-2.77066174
1.91326577,21.93987177,16.48502172,95730.85171,12.90257665,16.23079464,1.352965577,35.55250092,4.820098885,4.872396794,4.446672921,4.442365368,89.23458148,87.91433438,139.561375,85.57799165,167.4213544,268.5714178,193.7792285,113.4370908,-0.953983957
1.91326577,21.93987177,16.48502172,98474.46423,11.05611375,15.87123846,1.341673655,35.45394783,4.820092462,4.872749987,4.423254298,4.420275174,84.38329628,80.34191572,111.3680142,111.2320689,184.3586423,283.9856373,193.9093566,104.8215551,-1.931571834
1.91326577,21.93987177,16.48502172,99285.1238,11.06962392,16.6965661,1.353179722,35.35539473,4.816454411,4.869090104,4.473791695,4.508895493,87.90862004,84.71663225,86.93767362,86.55996902,196.5346674,325.5425851,201.2956671,95.9761323,-1.565118949
1.913129266,21.90071768,16.59584074,98845.75158,12.39165858,15.91781694,1.36282965,34.8944057,4.817315895,4.869810985,4.346758321,4.382170141,87.74415406,86.34932979,79.74432857,86.56615916,225.2943568,322.2048402,199.6848939,73.80986021,6.985512627
1.913129266,21.90071768,16.59584074,98953.65824,11.37829699,15.83177424,1.358490639,34.43341667,4.815978389,4.868836684,4.383250062,4.419701424,89.19477368,87.44495153,86.14819979,95.62721971,193.6492927,287.393117,199.2821658,127.1223978,5.737361673
1.913201238,21.84960784,16.78834056,99739.09725,12.04663798,15.54413959,1.349300041,35.84218987,4.817223697,4.870138751,4.385972195,4.421575962,89.6497019,87.42669425,128.4172375,133.0436496,189.4954902,222.4006824,196.0034708,136.1515386,3.4332352
1.913201238,21.84960784,16.78834056,104119.8733,12.39449633,12.3986205,1.34996542,29.98305467,4.798841039,4.851034923,4.285615286,4.319292446,89.21685498,85.51827779,141.9329696,160.5907095,209.856171,214.5149346,187.8583896,136.5290519,13.9446202
1.913065015,21.81053457,16.89893086,103192.8083,10.6201686,13.31918746,1.352874951,30.51090487,4.799634333,4.851877636,4.331710249,4.36651571,91.83516294,85.4315119,120.4612441,152.8046391,208.3757229,241.4212958,190.399044,124.3825233,11.997697
1.914831785,22.22572549,18.0278968,106112.4896,10.29265333,16.87104905,1.349419121,28.64700767,4.784113792,4.837361962,4.341160655,4.372797372,89.34237038,80.72347013,92.77436746,145.6415605,210.3243648,282.0592124,193.4714246,136.7777958,5.351803473
1.914581098,22.14667974,18.25592035,98081.29913,9.013939316,7.680036628,1.320734734,34.0263862,4.622144837,4.6730869,4.388245104,4.427684219,92.16337452,79.52502823,115.9937411,103.6666989,190.9082316,276.6896288,187.943763,111.6225992,1.324723981
1.914581098,22.14667974,18.25592035,86796.71365,7.834267135,5.973810413,1.349070952,33.01643393,4.462290643,4.511719463,4.438025262,4.447517054,90.95549234,86.68745088,107.1578755,105.3528932,153.7899443,247.2014261,166.9610902,93.80040571,1.222516027
1.914410733,22.10495356,18.36972136,87453.04752,7.904227792,6.14603935,1.347355559,27.7056758,4.405222577,4.454779346,4.456329278,4.465912719,89.5680454,83.10852949,100.2723742,105.636987,163.057799,249.5483382,162.3335209,98.43802619,-0.760154157
1.915193098,22.16587921,18.29568611,92622.30095,9.769668378,7.000433995,1.299951101,22.39491767,4.582664407,4.632819607,4.400527649,4.43001617,90.18073926,80.69068325,144.338864,134.5577624,159.4725525,235.4433069,145.896173,119.1670976,-2.4473036
1.914909614,22.08456656,18.52582786,98466.68201,9.873063499,7.621818727,1.040242371,23.66058433,4.800886163,4.853580754,4.146255447,4.156229142,97.64623329,78.53602898,168.8147156,118.6591972,159.099873,248.7070057,180.3056052,125.6093945,-3.584531167
1.914909614,22.08456656,18.52582786,96649.82987,13.08039287,12.55477963,1.113428657,33.72609847,4.763579924,4.816487372,4.110083689,4.107739846,99.98169,80.65565799,179.8444245,99.57541419,158.6333897,244.9779034,195.4798742,107.051985,3.630576367
1.91579447,22.40294263,19.83961205,98891.05359,12.017352,16.7473055,1.145448413,36.24511524,4.751705131,4.804607689,4.127927266,4.120164259,90.40506515,83.68515368,193.7319484,133.5157771,175.0061696,225.5514519,180.6027893,101.9497443,6.298604813
1.91579447,22.40294263,19.83961205,96144.98938,9.237812201,13.40627135,1.271712523,33.42082479,4.854846805,4.907399783,4.249991362,4.238678525,91.21243968,81.28741418,188.313783,138.9647317,162.6084224,211.5978068,152.6796593,127.9618289,7.790367553
1.925104629,19.32911858,28.61331008,91896.26189,10.58794135,13.16153109,1.309175835,30.59653433,4.853962908,4.90683117,4.270270315,4.257599737,88.45658515,84.62571164,197.6925701,132.0544868,142.7113102,212.8259826,140.8436693,116.1741499,5.481500393
1.925104629,19.32911858,28.61331008,90585.7966,13.12290703,13.24736832,1.298044795,28.2446692,4.845265678,4.898315115,4.186254983,4.17373338,88.41762563,83.19422299,184.3914865,130.1039807,138.9526699,212.2635811,132.6779398,128.5294953,0.960720426
1.925104629,19.32911858,28.61331008,90914.77394,13.41046339,14.18238982,1.30040079,35.45979247,4.843166613,4.896240523,4.18774887,4.172708364,87.52885031,88.47283188,159.5849313,103.005443,149.9998708,229.7843523,152.1821603,130.5532459,-4.963144
1.923839744,19.27969872,28.55223077,94030.0758,15.14573522,16.523977,1.296707878,29.05286547,4.83735724,4.890598557,4.237132488,4.221970364,87.78036874,86.92730027,190.3620056,103.7476539,129.8831818,221.0633494,159.9714107,156.763435,-3.504251767
1.923628205,19.21902244,28.72396474,92679.27048,13.16407222,15.07143526,1.297795975,25.219502,4.840395887,4.893542949,4.260513863,4.24626943,87.87016653,87.54706176,186.7510832,123.5390908,132.2049505,220.9309918,149.0378502,135.4563118,-10.85929033
1.923416667,19.15834615,28.89569872,89998.67254,14.22177369,15.02266567,1.300747378,23.63595193,4.836111946,4.889828168,4.255276131,4.241026845,82.48912264,86.4105896,142.3253367,92.6119499,145.931023,249.2113926,157.3085929,125.1177804,-13.25699547
1.923416667,19.15834615,28.89569872,90710.59389,14.48020734,15.83063867,1.301837696,25.32038013,4.836793138,4.890338551,4.220866388,4.206181213,86.27772487,85.44499395,138.1058238,90.21190123,142.0918866,247.2405846,169.917887,131.2694857,-9.340562333
1.92357599,19.09265964,29.1530364,89265.09506,14.14964142,14.04651174,1.297761155,27.10451273,4.840336417,4.89371266,4.225256692,4.209624379,85.64221197,87.91879393,133.8010405,83.45985333,142.7523938,244.6220402,171.9760176,127.1418485,-8.297159913
1.92357599,19.09265964,29.1530364,90611.66957,13.24176445,16.71768435,1.304543747,26.0476396,4.839828669,4.893434865,4.229732165,4.213621059,86.66302083,88.58633571,136.6349412,83.57553734,148.5169899,239.3531817,177.0560089,132.5834023,-3.369189213
1.923104439,18.96665283,29.50374641,91045.81396,13.14408372,17.76351326,1.300571358,30.2106168,4.841870705,4.89571997,4.21739152,4.201864601,88.28528782,87.45120717,144.2991289,96.49269546,158.4169343,245.0971169,174.5573629,104.5504774,2.669884307
1.922924649,18.90583333,29.68181673,92156.84863,12.83967118,18.36194088,1.30362988,24.31863747,4.839079829,4.892942854,4.26181174,4.233345753,88.80171512,87.65305808,155.206325,120.4474362,174.2381767,240.630115,160.5623575,85.36419302,7.699995813
1.922371035,18.84910926,29.77691445,92999.8345,11.65797281,16.01563878,1.301889743,28.59187787,4.843600717,4.896905044,4.199420098,4.182728137,92.57470344,82.19067941,167.3347482,108.6086434,166.3034622,254.9829937,152.0110871,97.92326025,10.82436907
1.922371035,18.84910926,29.77691445,90876.22221,14.19738757,17.19710508,1.309230432,32.3372665,4.838461461,4.891845759,4.058181949,4.095593795,92.69972315,77.40637934,168.5992665,112.1308406,163.3695697,256.5387992,135.0960129,90.82364259,11.54538063
1.922371035,18.84910926,29.77691445,92340.50295,12.0975555,16.77145081,1.304291941,36.08265513,4.833255671,4.887090974,4.137475924,4.154732788,92.30904121,74.47109846,169.1661787,124.9343546,162.8656458,253.1415666,124.350629,106.6838668,8.882581827
1.922371035,18.84910926,29.77691445,94082.37838,14.30805218,19.0686234,1.292504579,26.95554173,4.830733614,4.88463573,4.189550877,4.21034212,88.55429711,86.96194455,162.4086196,126.3908397,164.9345635,248.8360955,151.5684458,102.7571173,5.173225213
1.943259898,19.66722861,29.86659004,91740.97826,13.79494516,18.30531933,1.29822221,31.2369928,4.835048005,4.888298135,4.195654051,4.219099388,88.59920174,86.34043746,169.8879255,110.6795718,164.1071754,254.9534736,153.596802,82.20897098,0.783917971
1.943795181,19.65413443,30.01686113,90301.24549,12.57728572,14.76308816,1.301330231,24.46878133,4.839212137,4.892694608,4.167648797,4.209888908,91.17438771,87.34846016,164.5579415,97.72614454,155.6939674,251.0093766,161.4706593,89.62421048,0.08393073
1.943566899,19.58865568,30.2021877,86836.67681,13.63969148,13.63635624,1.30287609,23.69812073,4.831065204,4.884735863,4.113903378,4.157895644,93.39782359,87.59658674,157.2251547,91.00069602,151.2743296,234.1728693,160.7124107,90.1516999,-2.680535013
1.942733974,19.60825641,29.97107692,89985.69435,12.82201756,14.89943395,1.304831324,26.93208233,4.836901572,4.890588593,4.194441583,4.212705475,88.94670546,89.12729526,192.3947674,106.1203625,144.3416229,213.9752162,160.1363235,105.5638643,-6.767370367
1.942522436,19.54758013,30.1428109,90988.42465,14.49972154,16.10889981,1.302028461,30.16604393,4.838425525,4.891904306,4.180331488,4.203313231,86.64324291,84.89337429,215.5784489,107.9714469,112.5210194,203.9636407,140.723583,156.3101461,-11.7964822
1.942522436,19.54758013,30.1428109,93189.96129,14.16112743,17.57818459,1.291978727,22.3913986,4.84004356,4.893320009,4.258235107,4.276245385,86.16428876,88.56869741,200.7685415,87.36642258,99.89697981,213.6478545,175.014759,178.9789193,-7.464623947
1.942522436,19.54758013,30.1428109,92720.79096,14.67233155,18.53970326,1.302656731,22.4359724,4.834484821,4.888415025,4.230296233,4.252110023,83.48781221,89.70717045,182.7343424,79.88757122,124.6133712,243.9261662,192.042332,124.0454003,-9.463018
1.943357641,19.52863348,30.37207039,90529.98047,14.08761325,17.32484063,1.311032763,26.973137,4.827388997,4.881323657,4.191718781,4.216802597,86.02899079,86.53914995,165.8130704,86.46379112,102.8580462,257.8503569,191.9490239,117.6891769,-9.223259933
1.942794634,19.5414053,30.21752795,93853.67552,12.83041812,18.33358988,1.302322042,32.93197913,4.83116242,4.884917926,4.235641259,4.263481292,92.59202579,89.04705058,163.748328,109.5649225,135.2877285,250.7256223,186.8818151,108.5446617,-4.8626814
1.942806008,19.53972835,30.22481304,90436.22732,13.43077277,16.61670052,1.297816027,28.4687126,4.834086374,4.887364503,4.16080632,4.185350256,93.33905073,89.10668214,153.8576499,106.3919517,165.8331527,245.0374369,168.7710409,79.4434667,-7.227962573
1.942806008,19.53972835,30.22481304,90464.80034,12.79592181,16.3619233,1.301316625,25.36495353,4.837545681,4.891151227,4.169240516,4.200333843,93.31656326,87.63635156,159.0257206,127.4351874,163.2161589,246.9094329,140.1572724,83.84850175,-11.000401
1.955857647,21.84868548,26.47433152,93043.44916,15.48672861,17.53736339,1.29337757,28.8968568,4.828517916,4.882334706,4.19498191,4.220935207,87.69058206,90.11753977,187.3151819,135.4061485,141.7576286,225.1898591,148.8722278,113.0396992,-8.9769217
1.955394484,21.7230372,26.82564464,91299.07658,14.2644035,15.87464656,1.296862131,32.42876007,4.832711484,4.886358419,4.129873444,4.153432973,86.85605685,86.72902907,203.0519379,127.253414,122.4689216,214.5175993,147.1287871,123.2097564,-12.1754784
1.954953331,21.67603154,26.9110589,92562.04083,15.04410417,13.42276863,1.294697673,27.32972873,4.838977593,4.892474011,4.136390301,4.165285519,86.26730141,87.27982092,205.5340072,96.52906684,110.755072,202.2039015,164.8586583,170.5329581,-22.765116
1.955182809,21.662322,26.99748877,92465.3954,14.61752511,13.59065174,1.312424876,25.646474,4.838610633,4.892016061,4.132550642,4.162214913,89.51848129,89.01380179,202.8701278,96.25276503,93.67395742,212.5466916,172.5282891,171.0506806,-19.73108387
1.955621604,21.70921061,26.91207095,91337.73769,14.0841713,12.20855702,1.299946828,24.37728773,4.838045062,4.891815541,4.162787695,4.19861198,89.88855672,89.8123524,185.4432236,102.5586951,104.93127,227.0587315,162.0335063,152.4208782,-12.44362837
1.95543131,21.64747604,27.09108307,89071.47326,14.33477765,12.20522417,1.299757439,27.4435098,4.834063823,4.887572245,4.088705233,4.113218059,90.29303711,89.79643722,149.5180957,117.3139678,129.7626155,247.4605024,138.3843998,122.5777633,-0.78022563
1.933569421,19.5030326,26.93353569,88641.22669,13.6001302,12.78435013,1.303442227,29.31444493,4.834431637,4.888355408,4.093131266,4.110967092,90.60287203,87.37838115,122.2926406,130.3031313,154.8625159,259.6350569,128.6382326,99.53995267,1.774056347
1.932786056,19.28578859,27.54289008,90821.75154,14.40673374,16.3817046,1.300505705,27.03647867,4.835519287,4.889094995,4.189206263,4.230331247,86.17598323,88.10988728,125.4948136,142.998519,163.5420937,252.6300144,137.7903282,94.8476538,5.75926762
1.915376101,17.62130314,27.28544403,90314.93877,17.33944729,15.61499493,1.299835532,26.48399593,4.833104181,4.886408851,4.20165906,4.236065163,78.93161171,91.27416423,125.3182854,143.8894006,172.9327955,237.5423066,135.8120622,96.84665516,7.92259784
1.914238143,17.37770686,27.90663219,88377.8596,18.97290897,14.79971937,1.297727977,25.73914053,4.831571779,4.884719927,4.134956822,4.151401541,77.77446086,90.48298531,132.1738995,139.6027469,178.7161409,247.6631813,106.2157775,90.27734184,-2.287709907
1.930231246,18.63522561,29.32329385,88253.86301,17.70776534,13.28652337,1.298541595,24.16028253,4.840924503,4.893945819,4.130850143,4.139658829,88.47762946,90.6119992,123.5718004,123.6839643,164.5695819,250.4468538,139.892739,89.57236911,-4.022935187
1.931083799,18.62719832,29.53305587,86897.10549,15.95058015,12.88506412,1.297896138,25.61011047,4.840307395,4.893384005,4.08242672,4.078766549,86.65999892,90.23566076,122.7131309,103.9069593,129.2384499,241.6456602,156.4453689,124.2966062,-5.93726484
1.930329609,18.41087151,30.1453324,90247.81784,16.37009066,16.14890702,1.303961707,25.96435647,4.841764662,4.894850511,4.125506067,4.116666184,88.76546627,89.18063244,157.4652974,109.6684852,112.8667741,221.7140534,165.698598,150.7359102,-2.95935324
1.955153219,18.99044701,33.09265111,89431.06382,15.94587618,14.68651568,1.304067951,25.28167013,4.838762297,4.891899461,4.125569684,4.143223602,87.08355917,89.56150606,131.9037467,104.2681654,117.1885013,249.9477077,162.8615249,139.0108823,-6.649320887
1.954394152,18.77272139,33.7088867,89765.92989,16.75441248,14.29949989,1.297896185,23.24768793,4.844572416,4.897704666,4.112336024,4.106090975,90.86864654,77.16701421,137.6748862,95.27857216,122.3670151,250.1436232,162.9499926,140.9374752,0.103862185
1.953596615,18.61098731,34.11614386,91073.26241,16.40165084,15.19766383,1.307856359,23.6641034,4.837738868,4.891172002,4.121343305,4.108802272,87.38540221,76.84387993,139.8462507,89.43287645,120.3866542,249.5135889,156.8575161,166.6028904,3.646332827
1.953596615,18.61098731,34.11614386,90357.89831,15.5612085,15.00790925,1.303196289,25.6124564,4.836890916,4.889749816,4.099921944,4.103461857,91.54933262,76.30600941,140.8693794,105.2162635,119.1836167,241.9782293,154.7330332,153.7416572,7.433037607
1.954227438,18.60318804,34.28043308,91857.43222,15.31288564,16.3255389,1.299336174,30.69272,4.842743746,4.895649077,4.166774733,4.196031477,89.03351997,84.17001037,124.9363148,126.2616909,147.3688046,251.0884475,154.5096234,123.2869815,8.024317987
1.953820635,18.6082176,34.17448693,88931.21611,16.57548329,13.3993433,1.300830796,25.13504587,4.845676237,4.898570581,4.127757616,4.143810747,88.00684886,87.11886912,133.2466643,128.6792954,150.5391328,231.0229842,146.157627,110.5921908,11.149067
1.935112895,17.21141495,32.71996739,91404.69436,17.11461242,17.12260669,1.300953969,26.13561473,4.850476548,4.903235788,4.114873941,4.104798693,87.11020958,91.76693526,135.9226458,146.0100508,152.4838397,227.8438466,141.488339,121.3466755,11.083062
1.901503511,13.64361421,34.57446303,91585.93021,15.03481781,17.40155344,1.303779223,30.93083967,4.845717049,4.898898626,4.15043375,4.150760541,88.07822375,89.34403947,143.8275357,145.0554979,158.8642077,209.741911,145.0302269,126.0763569,2.705207887
1.901503511,13.64361421,34.57446303,90869.56083,15.93252264,14.94241179,1.303789693,28.14613713,4.842561623,4.895993271,4.146693501,4.160424754,87.65269576,89.26689197,168.0634784,152.084503,168.5710316,191.5491477,144.2998632,101.7725111,-3.066911
1.900937954,13.62382444,34.49411081,91922.20583,14.82650994,18.49599372,1.295815988,24.0582314,4.840830059,4.893744011,4.094782607,4.122374072,88.50535604,88.25469065,174.6363035,149.1949866,158.489857,190.5305254,148.7885573,116.2756574,-4.860842233
1.927060308,15.35047439,37.48225082,94662.58086,13.0747152,20.2061303,1.304097821,29.024715,4.847944584,4.901098715,4.206553875,4.242626263,90.40771577,88.01553893,168.3026672,134.5113119,164.736133,225.772442,155.7240322,114.5247744,-12.50578707
1.927317564,15.35722698,37.52080272,92849.91577,15.98944082,18.10429584,1.297941653,24.0781722,4.850009066,4.902501456,4.222809335,4.23721055,90.02705911,93.35282886,157.9496092,111.6452398,147.3522743,243.5918214,174.0263327,109.1854359,-16.538335
1.927633626,15.36699373,37.56685822,92917.13696,17.20320835,18.44879541,1.297923748,25.5291736,4.847763501,4.900531413,4.235260914,4.245880266,90.75121346,92.8835991,133.7946853,79.65847934,142.3521862,269.4602922,171.5533953,142.8864518,-16.188105
1.927633626,15.36699373,37.56685822,90653.16708,16.32776368,17.82629641,1.302775503,29.20887487,4.848478881,4.901493509,4.196559113,4.208913759,92.37292166,71.9227393,110.4341591,77.90918735,136.6292891,269.7270626,168.4053985,149.3018974,-18.3686452
1.927633626,15.36699373,37.56685822,88422.98045,17.14834901,17.05086221,1.303593999,24.05588547,4.840148213,4.893070669,4.158385171,4.173222603,91.60880637,76.04958295,122.5974988,91.0575931,124.4564146,257.434073,163.966882,133.6332047,-12.3888829
1.927354644,15.35967531,37.52504656,90705.40837,16.33194561,19.28791056,1.298706281,26.36200387,4.846432978,4.899245034,4.189210396,4.215880316,94.29879172,72.4218673,121.4224893,107.7789342,136.477421,254.7016229,160.0709745,134.8899899,-7.320760293
1.927097426,15.35292781,37.48649672,90154.54866,16.46445824,18.17865927,1.297824379,24.30573453,4.843964089,4.896898988,4.192232421,4.20521535,93.57549565,74.24073501,122.0634318,113.2179806,132.5578234,261.1001272,152.2191446,128.8823446,-2.9843419
1.927097426,15.35292781,37.48649672,90620.89211,14.77390032,18.97138228,1.302644681,26.060542,4.845999904,4.899220505,4.156693635,4.173224068,93.97066398,75.62156742,120.1080332,108.3101197,135.4893617,265.355967,156.2500554,128.6652818,-1.79008184
1.938373902,17.2648005,34.41566123,91048.15441,16.48225051,18.06824265,1.303125324,25.2828438,4.847353644,4.900077868,4.130994944,4.146384521,90.24167118,71.38270486,131.2313588,106.42167,140.9970467,250.4251573,154.9894443,136.6974462,-1.522788427
1.938822061,17.26768405,34.50896681,91847.25588,14.63734786,19.49937375,1.301113849,28.27751333,4.847418185,4.899792428,4.159955882,4.15333366,92.88109234,75.3887816,145.1781652,109.7232154,140.8638599,237.6449942,155.7828422,142.2950794,3.193290707
1.938822061,17.26768405,34.50896681,93587.09106,14.25745844,19.38965465,1.300960988,29.7918566,4.853714118,4.906275174,4.185260569,4.194876271,90.08541771,66.93889841,143.9522701,133.0670226,145.2412627,234.856799,153.8937238,137.255559,-0.087577372
1.93812736,17.2632142,34.36433174,93919.10716,14.68375929,20.71318967,1.299025518,24.19430013,4.861956339,4.914377137,4.211051103,4.202063482,93.04319385,64.70756599,139.8287466,139.6790785,153.7261047,229.3311856,155.3960414,133.0174844,5.175976
1.93812736,17.2632142,34.36433174,93654.29486,13.07065883,20.31901255,1.301993892,24.51452833,4.85260346,4.905444302,4.181986028,4.1980015,90.74033443,62.79785066,139.0006086,144.6518456,159.4906856,225.606553,154.86869,124.1408062,6.551351367
1.916581928,16.05990184,31.27902592,92790.0017,15.80718691,19.57638813,1.304060096,25.05469493,4.85127533,4.904106891,4.124446635,4.15136655,96.42681348,63.834637,135.1879739,129.4239556,165.7404515,224.6905324,159.3161739,124.1991873,7.135691273
1.896115723,15.95197484,30.21769308,95173.04977,14.03352892,16.39899884,1.348981996,25.59486153,4.846477701,4.899525986,4.227887369,4.249261682,89.61131335,84.40542993,148.6858452,139.5359967,172.2234918,204.282735,169.8801137,130.0471057,8.8637368
1.896372327,15.99568302,30.10213585,94047.65224,14.75905873,17.30251776,1.348372316,24.38197913,4.849258669,4.902493406,4.13639624,4.149179211,89.92098252,80.56091752,142.4555196,139.895395,173.5894901,210.2393366,168.8962369,117.4503929,4.439138367
1.897000251,16.04466015,30.05105844,92395.99401,15.61099607,16.2088484,1.353919524,25.42008527,4.840864752,4.894512217,4.198873702,4.21105806,89.2001769,83.74642438,132.6954328,134.5395297,172.5083122,213.9588411,167.3752874,113.1559656,2.827833113
1.896286579,16.0345333,29.92712916,93329.89168,14.7517847,17.30508604,1.34615804,25.87286273,4.856466718,4.909458293,4.15960184,4.175884977,88.5587963,76.59499683,129.1237285,129.4167032,164.164771,210.7152404,163.3716101,145.818107,2.121244233
1.896999497,16.097666,29.83906187,92052.76659,20.08921671,19.05292366,1.349347748,24.02069593,4.851789403,4.90452958,4.153942324,4.172090913,86.78827849,85.02384947,130.7640517,143.1053553,163.6644209,211.603897,158.2145928,123.1366696,-2.064358923
1.89721761,16.13966289,29.72147673,94260.48134,16.98249118,18.86707369,1.349288705,25.81303973,4.84495049,4.898089853,4.151476187,4.169191828,95.45676232,84.63332659,137.7109306,149.1530404,153.0611838,198.5537701,157.6958136,157.4068944,-0.237184588
1.897362859,16.15398591,29.69165073,93362.93695,18.28786116,17.73066382,1.347757004,25.21246387,4.83806827,4.89142074,4.203271803,4.222434242,94.08025989,88.39664673,157.7445908,153.5383173,149.7681631,183.607665,145.0671309,158.6840128,-1.8537023
1.897415052,16.16772212,29.64877926,93222.3691,16.54817774,18.09925813,1.350757583,27.74614407,4.837986278,4.891389266,4.160802983,4.177407187,91.33309047,82.60124909,177.1352214,150.0065256,149.1734998,172.9187679,155.2558723,146.8690886,-4.211811893
1.897362859,16.15398591,29.69165073,92073.15289,13.32020826,17.4018886,1.349607784,27.0282672,4.839387368,4.892684397,4.129319562,4.142582542,89.05336662,78.92450096,171.0797637,137.2991842,144.7431862,166.3696792,167.866343,151.3078973,-7.163266447
1.897362859,16.15398591,29.69165073,91502.38259,13.29378773,16.64486744,1.356120836,28.1754624,4.835797314,4.889740665,4.144798745,4.157739447,88.32887249,84.64414973,189.4449787,134.986535,137.6094076,159.5939753,169.4187966,145.7329092,-8.36805736
1.897362859,16.15398591,29.69165073,92219.09556,12.50383012,17.5296092,1.353318322,25.60072707,4.833624462,4.887260579,4.115203641,4.128180502,91.31237817,81.4960095,189.0163611,128.4539974,132.8479974,160.527651,174.6027246,158.0184576,-12.74243487
1.899395922,16.64445759,31.10374276,92384.98692,17.50719246,18.35768818,1.341961896,26.75495827,4.834548181,4.888416076,4.077727469,4.090184651,94.33476453,83.35945124,188.9982869,131.8399605,130.4776819,164.4968481,177.733949,151.7446675,-8.227686127
1.899992449,16.74606595,30.83510697,94981.31815,16.81236878,20.56848817,1.350746895,28.61651093,4.837022635,4.890698633,4.175170986,4.189179048,94.04311175,80.85522231,191.911266,144.1549553,149.6593409,180.7986856,153.4368388,151.3997094,-18.42705713
1.901392911,16.86321018,30.69999501,92894.42091,16.76066344,18.14914206,1.348036397,27.0540732,4.829891434,4.883721388,4.207633465,4.216366924,93.05080926,87.26593874,196.4479121,153.7033376,149.7728323,171.445136,141.8313717,138.6439264,-24.376572
1.902021462,17.08408535,30.06734964,91264.51098,15.84906327,15.68845062,1.353821024,24.24591167,4.832796792,4.886587093,4.191636355,4.197866126,88.90441953,77.29547249,184.7933911,138.9701487,145.5394871,182.9197798,152.4203146,128.922737,-18.9975298
1.901261012,17.21901334,29.46676567,88888.64254,15.94226433,12.98627547,1.352273947,23.87055147,4.83595901,4.889706631,4.091976894,4.107144785,90.82567808,76.78498038,174.4928945,119.4736747,155.9361582,190.1936811,154.2948054,113.8225745,-17.653303
1.891124811,15.53857323,31.98909663,92982.9066,17.89016796,14.58679234,1.34324843,24.5168748,4.838526571,4.892227831,4.187100946,4.196739682,88.86109838,85.75756557,170.2132244,117.7609061,178.0827416,214.5368903,165.1179118,101.5385732,-29.12560193
1.891341555,15.61915681,31.75188774,88814.60016,23.03102272,13.81830682,1.343175429,26.66815653,4.83745057,4.891300606,4.106880633,4.117897978,92.4085088,92.99190899,159.2702166,108.492095,169.0373095,220.9352965,165.4294739,81.1732409,-31.20358233
1.893390043,16.04714536,30.68211659,88418.00252,23.49247344,13.79493078,1.339507312,27.69453213,4.837627306,4.891999589,4.105096703,4.125489911,92.00962828,93.14145872,130.959512,87.31584393,159.3771337,247.7147605,163.619548,105.8823197,-30.19459667
1.893771271,16.215,30.18701702,88465.05768,22.85823379,14.57216644,1.359399799,29.35315407,4.834530036,4.889019446,4.100666067,4.121856624,91.46605806,90.46509772,123.5954182,85.68109982,151.1025684,250.2932455,163.0527523,120.1283658,-29.06158793
1.892814946,16.28641,29.74715728,93451.26757,21.82702707,20.04252241,1.348136282,27.54907993,4.827910059,4.882125296,4.086612132,4.106315806,92.45637135,86.25635213,139.83198,85.59072612,144.4511752,264.5529867,161.2792069,150.358413,-28.65756813
1.892889955,16.30751388,29.65953811,90370.48239,23.9663546,16.17574192,1.355983995,26.0886946,4.833142761,4.887822532,4.061996016,4.076541277,89.49618809,91.9542417,145.6664358,88.78197432,132.0952567,253.4512952,156.2315324,140.7906966,-25.00084753
1.893281171,16.39674912,29.34604745,95085.1437,15.57687569,16.85928084,1.346964988,28.43821427,4.833008197,4.887726026,4.155306326,4.167760951,92.03698001,77.66973489,165.1583079,81.77469035,125.5832324,261.4106736,175.6399217,157.6123951,-21.824352
1.893332492,16.38731633,29.27874274,90533.53437,19.05603977,11.88852543,1.343250633,25.1831386,4.85565308,4.909469046,4.147355056,4.160603638,89.97599513,84.16321126,157.0972727,76.80200903,114.455068,252.4460119,189.1093486,130.9656781,-22.155592
1.893770823,16.48124937,28.95854366,94581.85915,20.02720205,17.1298858,1.346075735,28.07692987,4.848586309,4.902516445,4.157114374,4.173869137,92.62574884,84.1320572,175.4011617,94.23914058,128.9721211,243.5058019,189.5153698,132.5955957,-12.80454627
1.882747779,15.41901116,28.11113465,91467.87629,22.08365159,14.02511997,1.346004105,27.1267994,4.844561769,4.898775153,4.161832531,4.177170308,91.64627504,90.18636224,178.4353097,92.18118399,143.8661548,236.0300495,170.5019509,113.4152883,-8.066198287
1.880088372,15.41092093,27.48361628,92697.8617,19.69870389,15.73678308,1.349689673,29.50564453,4.840106917,4.894202124,4.062212252,4.077704181,92.58074096,85.36467091,182.7223671,131.8538736,142.7577614,203.4038651,154.0319781,132.5806133,-5.646484753
1.880538283,15.46339907,27.43544316,90556.19475,21.41711376,14.27203388,1.349459496,28.06050813,4.8379626,4.892039739,4.092070369,4.107156647,91.90262065,89.36839035,185.4546016,146.5914568,142.7687158,184.2378521,148.1677597,119.369565,-3.091383613
1.880740569,15.4255103,27.62047674,92622.79884,20.89735391,16.09334928,1.353263381,29.04230953,4.841669514,4.895759051,4.036908037,4.045711113,91.89816468,81.36478754,189.3125545,150.0109053,159.0417698,195.5914918,141.59378,112.3485539,-4.787993333
1.891655568,17.18053961,24.92273249,89613.08777,22.33149329,14.20431329,1.343249583,27.89042287,4.833188775,4.887086979,4.012376686,4.032443984,91.89467738,89.34119634,188.5440729,143.4592796,148.0300961,189.9651523,141.3786211,106.6408374,-4.408787933
1.891504018,17.13707003,25.04576579,95398.87388,19.99780291,18.6495255,1.34064055,27.42708807,4.837335527,4.89133235,4.121994647,4.14147484,91.96741456,74.68489581,184.8206097,146.1689982,151.3035996,189.5586328,145.8770547,156.3764548,-8.5520434
1.892305062,17.09777702,25.40175787,91799.31059,22.32268928,16.06889164,1.344376857,27.5819236,4.836994827,4.891076558,4.121393968,4.138135549,90.0353417,78.20208137,176.1903338,116.8934488,141.1568255,197.8032477,159.4470047,145.7043746,-7.623071933
1.892309095,17.10066788,25.42626624,90899.86783,21.26899122,13.47787721,1.349259035,28.16255913,4.848514929,4.901833014,4.138524017,4.154283793,89.47823905,78.87060205,192.8280121,88.43616887,130.6509815,236.0262696,162.5455337,121.1987426,-5.514802013
1.892309095,17.10066788,25.42626624,88293.06142,21.58160986,13.66637371,1.339589859,28.08044927,4.846921275,4.900949018,4.052051855,4.071106769,90.27062834,76.54141657,177.8564791,74.77489109,128.5516267,253.8719828,162.2522933,105.6275425,-1.597752753
1.892795455,17.14687727,25.36320227,90435.7208,18.96856079,16.28700055,1.346470405,27.952592,4.838798681,4.892635948,4.033102475,4.052451207,96.01698576,76.97632708,176.1874237,82.63954566,136.4609716,259.9202939,161.3615325,107.0693586,0.579760265
1.891337609,17.007847,25.53969079,89224.02715,17.20505055,15.11002271,1.350182117,31.60531467,4.837835434,4.891823638,3.965246991,3.986701157,95.88749632,78.43281759,175.6475093,90.35947871,153.3333688,248.0157554,155.3943535,88.98078599,2.038390473
1.891312414,17.01059322,25.55836005,92611.75119,14.31818855,16.76853753,1.352137166,36.1565536,4.834849975,4.888995579,4.022105038,4.041143265,96.26577564,76.36850778,175.885762,97.97795237,152.3337178,224.5754845,156.1483862,138.1275978,-0.117404654
1.891104238,16.97004124,25.69556014,90943.5399,17.94041268,17.85620733,1.345144197,31.282739,4.832546064,4.886457219,4.087093612,4.116199715,92.91973613,85.36798695,175.8580328,105.3622167,154.4558309,218.4749915,155.4196449,119.1152828,2.49570784
1.902482253,15.83236318,30.67346462,93256.31541,15.54309637,18.39599791,1.353082852,34.84865853,4.836654078,4.890403037,4.045424725,4.066134927,92.15581227,85.42417126,175.8957736,119.7608864,153.8318506,192.5714912,156.48681,152.6902065,-0.808131571
1.903467394,15.83906612,30.776419,90341.14282,17.12543895,13.55121652,1.351898986,31.74020887,4.862049927,4.914739391,4.151552997,4.154232952,88.72369398,69.16601279,174.8256917,113.3219538,156.4255584,210.653231,166.714072,101.030745,-1.207726933
1.909964789,15.83937862,32.62941798,90342.89765,17.90341645,13.80714678,1.356300132,28.74436753,4.858490349,4.911758507,4.128301126,4.129483046,89.73543526,64.73861531,174.4935052,109.4354309,155.6037066,215.6583721,169.4630548,97.77516905,-2.241162393
1.902310848,15.56781449,31.42889471,93925.55635,15.50882616,16.28545251,1.351842748,32.44752787,4.860456115,4.913655574,4.166465055,4.160975451,86.90622333,64.00200051,157.0451922,112.5038309,154.4790012,228.559098,165.2229092,136.2978761,0.317672835
1.892044211,13.663799,34.75546946,88416.31575,18.77064349,11.58459848,1.354492736,29.77074213,4.85281218,4.906657022,4.10768067,4.100249052,90.88989794,64.77760542,111.6740447,120.2528118,172.5105055,225.8183901,155.42276,105.3004697,-2.321008487
1.891700479,13.5726305,35.0070481,89517.34414,18.80105251,15.92197577,1.349028979,25.28753553,4.843182623,4.896969239,4.029429767,4.022721865,90.30605516,65.72527729,90.55279533,102.7384972,170.7877451,233.0765777,179.5048172,121.0688387,-0.488604742
1.891342909,13.48832649,35.26790926,88527.1838,17.21823942,12.17992087,1.359615128,29.6358478,4.845171384,4.899272197,4.137565821,4.127644191,87.50739719,63.65924693,83.04616187,95.08916758,182.7451126,248.0016112,188.0801094,89.17933925,-0.309379192
1.890877793,13.35491564,35.64550616,91446.92511,14.6864245,14.26756232,1.349079228,33.173615,4.849178418,4.902892918,4.110817391,4.105534925,91.27822559,62.00306883,73.71440831,95.08753692,191.1080162,245.5763428,194.3792308,113.1537548,-1.314716183
1.890440036,13.21852257,36.00282946,91362.8158,18.05084569,13.36486244,1.359555634,30.59184267,4.846737897,4.900749492,4.220533031,4.232451443,86.63762698,64.21592584,83.08408929,90.65616664,186.974575,251.4632998,189.2972216,112.5512666,-1.6909329
1.890339717,13.16989284,36.0878249,91772.17583,17.43083814,15.07640913,1.350257775,30.97541333,4.842420345,4.896323695,4.143257865,4.158145668,87.0338123,63.33724906,83.44184871,92.97850291,182.4081622,235.1479197,188.5047384,135.752408,-0.805116674
1.892745995,12.51897025,38.01609967,94318.2229,14.18945434,14.44104084,1.363878889,33.407042,4.84411322,4.8980772,4.186170153,4.244823135,83.80077512,61.55691015,136.3213355,88.32631002,174.80715,256.7655047,193.5021609,104.240098,3.35558414
1.892750381,12.52335791,38.04022369,95607.33334,13.76581151,17.49639816,1.34937246,35.83867067,4.838978931,4.893187066,4.106491718,4.139394251,83.69611805,61.91765847,151.410582,126.7439085,171.7201128,208.9014416,178.7910724,132.078185,8.177045667
1.892750381,12.52335791,38.04022369,98415.37677,12.21030388,18.45213786,1.353366992,34.03870254,4.836106786,4.89063916,4.135770326,4.2098369,83.80235923,63.02853603,152.076014,143.1586194,171.0267329,194.3100923,176.0816842,160.7528047,11.313054
1.892750381,12.52335791,38.04022369,95946.35364,14.98660719,16.80287932,1.357838449,32.2387344,4.833352381,4.887730789,4.167013516,4.249133562,83.79554199,69.79320785,148.5736146,154.0807703,173.0266631,230.3165488,170.7224542,95.89018656,9.056881133
1.89272242,12.52640569,38.06094306,98282.85354,15.17851802,19.44722552,1.350275149,33.44751097,4.834849642,4.88893011,4.173025082,4.237136465,83.95503155,65.40391719,151.3734818,154.7548796,175.8735851,217.0240621,171.2370782,125.5763579,14.79014367
1.893105196,12.53804309,38.07750317,96125.15247,15.66873838,16.43053271,1.344308626,34.65628753,4.837227834,4.890810725,4.157205525,4.230388493,83.3218745,62.11035936,142.0591242,153.6263912,185.7714165,229.5213844,150.6811366,111.1002366,17.38210067
1.892963245,12.55351584,38.18268948,96454.59427,15.87182363,13.18565321,1.348767663,27.798929,4.876021779,4.927302082,4.106020863,4.125035675,86.11292181,61.22356737,144.9628178,139.8677146,182.6371222,258.9615029,151.7712664,98.56134743,8.841654067
1.892963245,12.55351584,38.18268948,96236.1753,17.86657354,15.29524773,1.348494128,24.1145356,4.860226726,4.912549375,4.113851622,4.151745371,87.12811018,60.42151057,136.2614595,95.71353856,188.3496036,265.3403717,184.9778242,101.9226359,9.6000245
1.893650503,14.06212717,34.85393641,97639.29916,17.87078883,16.77800195,1.339572173,24.40543947,4.853176569,4.906100676,4.105947587,4.147757522,83.81546826,60.89126639,143.5312,97.26519406,202.7824805,238.9776879,193.4601037,112.0008622,7.861562067
1.920022814,13.91407098,38.66543219,97650.82933,12.58137185,18.76261617,1.349272813,31.08450187,4.842551847,4.896133051,3.950791705,3.962861368,88.26610192,67.90196258,161.8401233,129.3596663,176.8546068,191.3194399,175.6614095,156.7768691,-6.840122073
1.927884226,14.58023509,37.44978008,99330.78484,11.93419216,17.24991239,1.349814788,30.1953684,4.843248431,4.896219052,4.101421952,4.111522136,88.16167066,68.09989535,168.3687402,140.7525238,168.0936858,211.7679996,174.0319709,146.5289164,-9.9438328
1.928474491,14.59248806,37.48764262,97483.74333,13.2316273,17.34758774,1.352573381,30.5648632,4.838586912,4.891761699,4.085089269,4.083035185,87.0127544,75.37211523,169.6829113,134.4490125,159.1029224,218.615413,160.093389,149.6058326,-11.52146583
1.924903934,15.88556953,34.17612763,101678.6466,9.791598332,17.37614791,1.345972391,27.64174653,4.837375333,4.890520779,4.173621842,4.17025358,84.78030509,63.09112874,179.5788965,124.8789926,179.3580959,204.4073023,185.705688,160.8303944,-7.828053173
1.924903934,15.88556953,34.17612763,101550.1641,11.9206005,17.0970301,1.34455915,23.91277907,4.839014845,4.891921361,4.186525404,4.180962171,82.47851723,61.95685567,191.6877039,117.4399236,178.528241,211.0905065,195.1416227,142.0650261,-4.777941447
1.913040478,13.82408464,35.39141214,100721.3986,10.74227687,16.71535357,1.348526352,26.93090873,4.8384962,4.891502508,4.202197704,4.196597832,84.53369476,62.65834514,178.0721505,109.0680029,181.6189297,223.0178357,191.4791256,141.8782574,2.197127213
1.913456762,14.01097746,34.95863615,95957.31048,14.50359456,10.14233634,1.300075623,33.11144653,4.873664179,4.924850431,4.157268647,4.168987777,87.79594368,70.32589186,181.1008539,138.6845904,154.7062279,203.9681089,154.1364504,146.4142697,-2.162741153
1.914610819,14.1665921,34.71034924,96835.94437,13.99233981,10.69064245,1.320001886,35.90787813,4.857735879,4.910327873,4.124488174,4.143933071,85.97087859,75.67779444,168.6781464,148.551829,146.7013773,217.4466102,155.2952072,148.4793549,1.8969747
1.914327673,14.29355668,34.33882285,94700.31427,13.19558859,10.29037445,1.301535967,26.6271018,4.859263314,4.91225264,4.134898536,4.150184031,83.80966263,62.41170535,166.8497943,111.2208639,180.9082237,207.4462874,186.6104572,110.5747468,1.412553165
1.914743001,14.48002065,33.90703993,94860.39934,13.709749,11.85385016,1.301153538,25.46817733,4.848911315,4.901817966,4.114896969,4.125077199,84.3416274,62.60635589,155.6658553,110.6083919,190.4617853,211.6944871,189.24148,105.3852765,2.22352436
1.915008033,14.61956622,33.57540969,96438.17712,13.61811663,13.05805644,1.288627486,22.14741387,4.845439556,4.898817639,4.091995188,4.091513002,84.09184642,63.33742694,137.8319403,110.5633514,208.8644418,235.6116291,191.1008573,91.08286834,0.764937502
1.915488756,14.84747132,33.01896053,97327.46964,14.76579378,13.04976442,1.303675515,27.82473507,4.836384488,4.889769381,4.105790562,4.098174285,87.9495527,76.26690047,136.8821602,131.4021011,190.6612291,239.4786619,185.2673043,99.99492929,1.5181308
1.930099237,15.89389313,34.22968957,96958.26622,12.74964201,12.69178177,1.33309804,30.48040713,4.83514771,4.888862984,4.0811793,4.069801996,89.3351741,73.09475185,141.5155486,131.6357496,184.9901249,235.396066,181.3149992,106.0082225,5.38772068
1.929987277,15.89112214,34.22378372,94799.67345,14.32567467,12.75914526,1.322323116,24.93094353,4.829358389,4.883075794,4.103934106,4.088651282,86.20411692,66.98971128,138.7162747,119.5091994,177.7793963,232.8172257,169.4239157,120.9632354,2.225201807
1.930099237,15.89389313,34.22968957,95508.33863,13.17476858,13.82528792,1.291926432,24.9778638,4.833853966,4.887059496,4.137967043,4.123381447,84.91504266,61.95208482,133.3330699,119.3171748,190.0912114,235.2406483,179.5694989,107.44944,4.145852753
1.930305266,15.94691173,34.08536505,98868.71931,12.64529831,16.14632708,1.289840828,26.41244273,4.832871381,4.886164376,4.105285897,4.085961763,83.41828099,60.93023211,153.6678861,137.9646854,187.2028611,226.0001256,178.7828936,118.4112307,6.256522033
1.928412618,15.53079878,32.41997456,99654.47105,11.78685619,15.15199241,1.28829886,26.06640807,4.834659112,4.887808835,4.178640601,4.156811653,91.7128888,61.58675725,153.4481191,166.087204,188.7341681,226.3030401,154.6983857,120.4761254,8.494802573
1.928547813,15.53414293,32.43070702,97714.16008,12.77087198,13.59145131,1.317052154,26.71976847,4.830028571,4.8828959,4.192006922,4.168424279,87.3494913,71.06206544,155.7868257,152.0457365,193.4193568,231.5663672,153.9493544,104.3634135,6.6945588
1.928692445,15.5817273,32.28957517,93943.00071,13.00442521,12.4710658,1.315183204,24.50631753,4.832095106,4.885345239,4.063356937,4.041953721,87.78146231,76.97255044,157.5391031,150.3866764,166.414176,220.4086106,147.0246374,112.699641,6.730196647
1.929094608,15.68292981,32.01961089,93856.19113,13.03955383,12.99329399,1.297183651,24.5954668,4.830123054,4.883409395,4.12290063,4.099283287,89.11124758,76.25136365,158.5699997,150.5938061,161.4069393,216.8125324,146.9786926,119.2997925,0.309504667
1.930430135,15.98267244,31.24446679,94333.2768,12.06792762,13.61586283,1.301614943,26.00189307,4.827128587,4.88065861,4.200164136,4.17322195,87.12913557,70.67962968,157.7286329,132.9778224,164.6014597,227.9873302,158.8031953,115.9951766,-11.40628847
1.930824427,16.08356997,30.97501272,93814.3882,12.87018612,13.92142444,1.297343396,25.41421953,4.827079601,4.880374155,4.156086604,4.131411486,86.41638936,69.19755997,145.0282153,84.64862275,156.9787716,241.0318961,186.0304207,136.9769313,-5.7251691
1.931859347,16.24152289,30.6749532,97562.24315,10.53521825,15.24742588,1.307438624,25.46465847,4.829990099,4.883647511,4.096647828,4.078423921,86.47325234,63.59567015,149.2731501,88.47693774,179.8946956,248.7143692,185.922247,136.0879923,-2.470499347
1.930980092,16.17804237,30.63431853,98706.4934,11.81702856,15.51730591,1.348344704,28.1109474,4.831977118,4.885936521,4.110480537,4.09686386,89.16883146,74.87061344,155.7313702,108.2526505,181.8913584,236.1954521,183.1623184,135.5941068,-0.495560228
1.931148545,16.22636039,30.49756253,97260.82447,12.81002403,16.59049578,1.349309664,31.9126402,4.831871892,4.885505901,4.134224677,4.115045444,87.6627746,72.21213054,152.7386898,135.441772,179.989418,219.8284209,178.0130718,120.0807526,4.636017
1.931462854,16.3226219,30.21864182,98638.82167,12.3771217,16.50494399,1.341842848,34.77710693,4.83369905,4.88733859,4.115484416,4.102541603,89.48485029,71.98649296,157.1300029,167.018462,184.3860055,223.5608881,163.9456426,104.4288133,2.896027747
1.931481293,16.2335378,30.55191143,96758.5977,12.58177015,16.34523817,1.349520681,27.99130133,4.833184929,4.886690078,4.145566856,4.136877992,85.42811029,72.53989237,143.8925589,171.4331199,196.9985123,221.4337407,160.7577973,84.68306889,0.763909111
1.931996457,16.24259615,30.67330213,95616.95893,11.54404457,15.19647869,1.350166981,30.1660436,4.834391377,4.88791844,4.098706072,4.083502054,86.2263778,70.74833374,103.4627989,137.0240775,199.422664,249.4027239,170.810397,99.8811743,0.797355077
1.931064319,16.18084992,30.6301072,97726.6642,11.97549638,15.73503554,1.350687807,22.39726333,4.842722126,4.896096397,4.106891855,4.091941483,85.16683836,68.85909677,100.7658102,134.6946917,200.8086779,250.3576309,172.8225919,120.91458,1.508799702
1.930560532,16.08222677,30.84166112,98969.93307,13.21174757,15.79559368,1.349084693,25.42360353,4.836620409,4.889901202,4.178520517,4.171633573,85.2344426,73.99812985,88.67815671,130.6251494,204.8282865,250.5233043,184.3164618,130.8537719,-11.6059826
1.930498976,16.03703685,30.97980809,98265.32927,12.90629529,16.23696591,1.341025042,20.00903493,4.837197466,4.890379271,4.142287642,4.127583892,88.26919799,74.38403206,83.00595735,103.6842009,218.0199795,255.0425648,228.2726906,93.99124839,-8.216421907
1.902516046,14.55020282,30.71819769,99367.31013,14.19579085,16.94612494,1.319795061,17.17741267,4.838605657,4.891843646,4.075718013,4.066945053,90.09145821,77.72842575,76.82235226,99.81373452,211.4505088,256.2450016,232.9153555,114.1270864,-4.052497913
1.901928424,14.44637745,30.93125386,98292.62502,11.38019151,15.35181981,1.348660547,27.4071456,4.842922163,4.896317112,4.125518104,4.117343374,88.26829495,71.43626503,112.0828205,119.6521642,212.566815,233.1393533,210.2418471,100.4170667,-1.195727877
1.901534091,14.3918905,31.006547,100860.9329,11.09231868,16.50296409,1.35106354,32.5648286,4.840196199,4.893420561,4.104495996,4.087658409,88.95927199,70.99769854,113.3513134,132.4076148,217.8718168,243.4343852,205.9214634,100.5058993,2.174473073
1.901954674,14.44743755,30.93060778,100660.4369,12.20457849,15.59998376,1.338435019,28.30801173,4.834289675,4.887731592,4.126301848,4.100877223,89.52486406,76.44741233,117.0814582,130.4217435,233.7700385,224.4740589,206.0033438,100.5152647,-1.831731347
1.92972265,15.87781715,31.34301746,101199.68,12.14718669,15.18294176,1.33769588,36.1448242,4.836642783,4.890225581,4.079072592,4.068855931,89.77426876,72.34924014,111.5374561,120.0563461,215.7419783,224.328641,202.8387122,141.8567284,-1.115660255
1.930888208,16.08852476,30.89864472,99611.30453,12.70287973,15.19116586,1.349144257,32.844003,4.83536785,4.888884442,4.144170721,4.12248599,89.70195016,71.60108128,145.1011598,120.2789096,185.5969831,221.2464991,192.0159465,143.3135807,2.781784013
1.931038598,16.1727679,30.69249619,98642.77315,12.44764073,13.45010401,1.35132543,32.94018793,4.845229517,4.898638694,4.141945932,4.127269616,90.31711356,74.40822396,162.5725932,132.9941141,173.9175294,196.0609928,180.9573887,155.4572718,-8.280241653
1.931122397,16.21804723,30.56062468,99203.56675,12.42952841,14.79349239,1.351139246,27.24879173,4.842499681,4.895869284,4.101046695,4.087517971,90.01238671,73.48418834,162.6411805,128.7500898,146.0297638,192.302042,199.5237343,177.8877067,-9.527387333
1.943508249,18.0569088,27.79090055,100742.8755,10.85035421,16.82003119,1.336555072,24.9250782,4.837956992,4.891406819,4.121617836,4.100996649,90.86902365,72.62398624,147.5225398,137.7804831,167.4704987,195.6982624,200.1764583,170.5625048,-4.992569767
1.943608247,18.10141123,27.66652463,101930.0809,12.58025454,13.29256544,1.315841586,35.50553873,4.715382542,4.767767628,4.068653187,4.067057959,87.07254643,71.13623141,169.6237208,137.1154435,183.5558623,190.5849706,179.9727726,174.5834595,-2.161784907
1.943773196,18.14872394,27.53261397,100211.1345,11.84509367,14.35694791,1.350920597,27.55494473,4.80252507,4.855928203,4.073945895,4.074939053,85.71112241,76.21479534,170.6062074,127.7617776,190.9413412,193.0802436,188.820149,147.4628721,2.161697553
1.944437372,18.18648556,27.59911116,95895.57851,12.21442173,14.00732083,1.350907363,25.829462,4.803406396,4.856768514,4.088804764,4.07510461,87.65229474,76.28621361,169.802938,145.1849159,175.8062696,180.6783985,175.8528565,128.7804877,7.134218913
1.944587406,18.22952035,27.47730848,91274.09942,12.59407972,13.61356482,1.347759044,27.20421753,4.80242639,4.856129768,4.088895889,4.07965959,89.16878321,76.590306,146.9128792,150.3149294,174.9544028,178.1316174,170.1861364,105.6182044,6.056081253
1.944341865,18.31332495,27.11417505,91651.21793,11.21923972,13.14323844,1.34407305,29.99126647,4.799229652,4.852915019,4.109431838,4.066449298,87.13223689,75.56546703,105.431875,146.9807293,176.3848947,191.6900924,165.8537662,135.0198141,0.201884669
1.944341865,18.31332495,27.11417505,92191.5517,11.56226152,14.07354561,1.347471816,32.29855727,4.798868604,4.85243138,4.13778381,4.11859716,82.71922597,74.10647485,107.0760025,133.9391035,180.5090814,190.5384566,181.5945372,133.5113718,2.886428413
1.944424132,18.35777651,26.98471435,93509.92604,11.45336746,15.73923684,1.350569378,34.60584807,4.802495077,4.856147918,4.086855344,4.106859086,83.69576252,77.31923932,117.4752055,122.6903073,186.0050309,193.2241927,182.1714969,140.6369928,-4.466889613
1.944424132,18.35777651,26.98471435,94804.53335,11.60379269,13.11635164,1.3506813,32.30031647,4.825004394,4.877618943,4.030283513,4.076373718,88.46270148,72.23881155,114.7632151,126.5590889,187.3689835,206.2148936,190.6028822,128.8385255,-2.3604868
1.945544218,18.52651701,26.67972789,97090.25368,11.94008015,14.91919616,1.34754888,29.99478487,4.813809451,4.866765876,4.073779477,4.11190591,84.99486636,77.02236728,126.1419709,122.8476106,187.647377,215.1385324,193.0502597,134.2298264,0.567520005
1.944989742,18.48330294,26.68331206,95029.71338,12.53846958,15.52344268,1.352336631,24.83944953,4.808934316,4.861906464,4.079515549,4.056943903,84.62675938,75.37126285,142.788628,134.5972687,178.7211303,207.6785308,184.3878207,114.0737666,2.982841013
1.920388483,16.17827697,29.47141682,99818.06864,10.77473344,15.15169747,1.347691462,26.72211473,4.805112785,4.858581616,4.210620271,4.112660119,86.59172922,74.28851334,149.1122706,156.1887339,191.750903,192.8173533,172.4607682,148.0157288,5.273164113
1.920516571,16.22117943,29.34393143,100207.655,12.13690399,14.42834363,1.350923799,24.263506,4.800498479,4.854014737,4.215823279,4.106463568,84.26753455,77.04971691,154.7139569,165.7253848,198.4461956,196.5078375,172.3323666,127.7199527,8.536361933
1.920592,16.261936,29.225232,99330.83266,11.34246093,14.03553704,1.352589798,31.20766687,4.802946156,4.856630016,4.239369056,4.1307914,87.81054514,79.01242145,126.4072873,161.8647152,198.5432625,216.7366156,161.7067017,135.8291282,0.407652097
1.92077925,16.30947898,29.09672761,98777.69351,12.55573356,15.97617532,1.348845674,28.6047798,4.800269249,4.853839458,4.151925799,4.096147145,82.7715749,77.78898217,114.6843697,124.0094824,192.4502359,235.305437,191.5251596,135.4311329,-4.841275227
1.921376398,16.40818078,28.90600548,101697.3902,11.46689172,16.92402145,1.353475835,26.87343167,4.79769024,4.851533397,4.182395298,4.140403465,85.98895,76.98075067,129.3961829,117.3319035,183.5794111,238.6795684,214.5066116,141.4919748,-4.649388473
1.921225748,16.36496919,29.02830861,100910.5302,12.61099815,16.35139887,1.3490293,25.67462547,4.794302842,4.847920582,4.27360218,4.204293214,85.02236471,77.27461744,170.6310291,88.5357024,167.6637958,226.1944268,224.0142829,148.5164291,-0.419883279
1.920888128,16.27427169,29.27898174,100616.4567,12.89154127,16.12295716,1.351838935,27.5385226,4.796850195,4.850306048,4.162547415,4.09807487,85.50078423,77.13423855,183.0974304,97.82222852,177.9616727,221.9912223,197.4409324,146.8186857,-5.659864713
1.920888128,16.27427169,29.27898174,100988.4769,12.6392009,15.84160977,1.350060779,26.40657773,4.792743789,4.846426353,4.091286366,4.073727768,87.34121268,76.06445916,178.8379645,147.6691174,168.1782257,210.7196885,170.2377647,152.2591848,-6.64461554
1.92060945,16.18819448,29.52863958,98375.48133,13.6521837,12.56219198,1.353332888,23.81659327,4.792728262,4.846526789,4.09519681,4.035737296,84.10241496,78.57677406,182.0380975,148.9823872,161.8281758,187.6059652,167.1756185,155.2362693,-8.976830033
1.920271689,16.09745662,29.77942694,101211.9324,12.62062157,12.91802904,1.356067013,28.9461232,4.802871958,4.856338011,4.118499537,4.128842261,88.63165268,78.67003947,176.1325197,154.3612281,159.1496436,199.7659685,163.1936537,176.8872466,-7.24059196
1.895550469,14.82710231,29.41375372,101838.5989,13.454561,15.696245,1.349044732,28.5344,4.799291558,4.852862005,4.067990161,4.117354331,86.25957014,74.04822658,185.5790938,137.673301,155.7226106,198.2257063,175.5837574,184.9743775,-6.198463967
1.895234607,14.73650263,29.67018082,100274.3673,15.40415989,14.9244194,1.353111571,26.01479587,4.808700229,4.861569192,4.057243723,4.119093227,86.2758424,78.75547451,196.3864725,117.5609734,141.6846146,214.4074167,185.8689731,168.4808984,-0.362511279
1.894932479,14.64984207,29.91545892,100789.6003,14.33805451,14.41018592,1.347811406,24.6142336,4.800075241,4.853504325,4.043623923,4.089699219,84.54125572,77.64086038,194.6990964,127.823349,121.8845687,200.2440466,184.1590759,200.3113993,0.018201801
1.89497375,14.57202009,30.21894088,98973.54491,14.33577462,13.17459421,1.350339903,25.56436293,4.797835901,4.851789736,4.050564909,4.124517062,86.98565851,76.21438075,186.8720231,148.2407822,179.0716412,224.2989362,159.6878661,111.5604484,-1.511127881
1.894357453,14.39524538,30.71927186,98270.37349,13.7927228,13.96184943,1.350831615,26.00071973,4.796377153,4.850180797,4.068691548,4.120699722,88.4622268,74.75930062,167.1994727,146.2188904,174.4368376,243.8409877,160.463213,106.7734728,-0.315010415
1.893529142,14.32994034,30.74419917,98254.10039,14.33981753,13.27987947,1.346900269,26.28693073,4.792443504,4.84625787,4.183428334,4.1270315,85.32869788,75.03155959,165.3420253,158.7437035,177.5115005,237.7143839,148.3148724,110.8432265,-2.734117787
1.917347596,16.54826777,28.07967104,101465.7232,13.88812604,13.43902052,1.350858178,24.78431833,4.772070188,4.825763228,4.250215297,4.105458675,85.02131359,75.20878868,173.0853056,153.1120291,166.8996253,220.7453239,164.0414884,153.6149397,-3.635930047
1.915049482,16.56926582,27.72763867,101252.9311,15.37791944,15.63315799,1.359213561,26.9086214,4.72257828,4.776072497,4.097061577,4.091003322,82.79642244,75.05660097,174.0677375,117.7547262,178.5572503,228.0385222,192.6078078,138.5177155,-1.000261136
1.90382729,15.38202054,27.88270384,94782.04301,17.59771746,13.46376961,1.349860193,23.3931408,4.716408503,4.769578956,4.025968801,3.996959846,82.80761995,75.14057786,171.445064,79.60035024,151.6721272,228.9180085,195.7989241,137.9734011,-0.533566
1.902320499,15.447436,27.61258481,96620.99803,17.08174148,16.0697895,1.352801673,26.7444004,4.717899807,4.771475693,4.012158693,4.111431609,81.89933596,76.90945525,170.1940293,91.76859325,149.6345525,204.5848449,195.2523259,171.9643467,-16.5642638
1.897495523,14.35508058,30.91566641,93802.93436,16.23933111,13.40141222,1.354421108,25.64764687,4.712352178,4.765770486,4.009513127,3.995012456,89.33241838,80.09430153,158.1654446,125.6505893,165.278002,205.2579024,178.9433188,120.0201423,-11.68465643
1.895867008,14.17154731,31.22668542,95088.36229,14.92266201,14.46184519,1.347524497,25.1596786,4.71019002,4.763856521,4.130687413,4.002718549,91.1022852,77.10044196,148.8069786,122.7339237,164.3826443,224.6068149,173.8648073,129.5839936,-10.6261222
1.894754476,14.0018133,31.5908798,96187.57354,15.81335434,14.13446264,1.350253136,26.01948807,4.710639591,4.764506172,4.09398036,4.00016264,87.09886326,78.92259003,151.2684743,129.0301305,159.2925373,236.7381316,165.2305033,133.7408718,-7.446175993
1.863307751,11.92342287,30.02483244,94141.81839,15.67698266,13.12169526,1.350687996,24.21775913,4.720754398,4.774640544,3.936877685,3.961502348,85.04070955,74.33784289,130.6656299,137.9807898,154.1107045,248.9303517,158.7713088,120.6938949,-4.625872627
1.862251215,11.75555385,30.39371706,95294.81671,16.18925144,13.05230007,1.3458884,27.03999713,4.719340844,4.772673007,4.001591761,4.044997977,86.06498046,73.01728165,119.6249722,122.2214746,158.0498487,256.9262655,179.5619028,123.7183632,-4.189159893
1.862082374,11.70712458,30.53078793,95949.49563,15.74488523,14.70022824,1.353150297,26.2505698,4.716577449,4.770241903,3.982015252,4.00211217,84.38801948,73.87865055,127.0468799,124.9753556,170.2718365,249.610338,179.909595,116.3301603,-2.976914233
1.862366334,11.71819391,30.48406754,95210.87359,15.142333,14.7943267,1.346142919,26.26229887,4.7089041,4.76243003,4.032992226,4.057986711,80.18358187,74.12461146,123.1003439,131.9499999,186.7828076,223.8965575,186.9816634,107.3320137,-5.200732493
1.864067059,12.2557077,31.6804172,94563.05161,15.36302721,14.41727345,1.355810468,25.7555628,4.710701515,4.764599359,3.993259363,3.981089844,82.6269268,76.27219921,150.2836345,139.2534649,174.8934522,198.7075634,177.4496886,118.5022079,-1.501615793
1.86492965,12.38083141,31.39211307,95066.30301,14.30441126,12.68577134,1.347144739,27.01419127,4.738844381,4.792318928,3.966601769,3.986758637,88.34384237,76.98891031,165.86481,155.9941582,173.714937,196.9652737,163.1753665,111.4602471,-3.016456907
1.865230297,12.39242835,31.3448567,96866.33547,14.67987453,13.81351297,1.353028153,25.93855093,4.726809867,4.780128826,3.997212987,4.014967836,88.38371014,76.11651227,164.8347222,163.5957059,167.8988981,191.3818179,157.4806643,139.3664698,-4.957962687
1.865359611,12.4395009,31.20257998,96776.2966,15.01340795,14.0115535,1.351620061,27.3613998,4.721775656,4.775655829,4.111912102,4.091494188,79.94660038,74.67550661,166.7538098,146.3380228,155.2987862,181.0997978,181.570276,152.939748,-2.68359296
1.865555271,12.53804759,30.87077533,95392.16046,14.85891484,14.75346931,1.348985566,26.33737073,4.718710801,4.772078998,4.094366162,4.087320899,80.07855345,74.94118025,150.7171636,137.9817474,173.7150492,193.2166756,186.1881861,125.4372378,-2.14229116
1.865386387,12.53484391,30.81165558,95847.50653,15.23562044,13.82423951,1.351004612,25.64178113,4.730286615,4.783759949,4.014174219,4.056020412,84.12402894,69.22348829,151.6562589,137.0658919,156.0489869,197.9456683,177.9479062,151.2960435,-5.208494207
1.866201074,12.65433359,30.53060373,93530.56048,15.03553581,12.28624268,1.351931053,25.15733207,4.735054719,4.788889153,3.973855997,3.995992081,88.10041007,69.74286974,155.6418525,152.4712223,157.7745771,193.3500968,152.1542797,138.6519417,-7.866409613
1.867219685,12.69349061,30.60150178,93931.38162,17.86614219,13.6722445,1.347811433,25.35087773,4.723684783,4.777662594,3.971648437,3.959492247,86.42773677,81.71214903,153.5526357,150.5468251,155.9975296,195.7794379,152.3761731,145.2742515,-10.25647613
1.857961521,11.94131012,29.6676065,93264.04114,15.61193666,11.13051472,1.353765927,35.03634013,4.724127738,4.777631052,3.963078435,3.979875037,90.90266506,73.01024817,130.2455816,135.8557804,159.6867929,210.8415611,171.8670806,134.0295322,-9.748901433
1.866854373,13.72127164,26.3656612,91831.66757,15.3948458,9.925525171,1.350559004,33.07273747,4.723688757,4.777449495,3.925243372,3.956005033,93.39736673,68.88580325,118.0463472,123.7625198,160.1878084,207.5208501,170.1903602,146.0870791,-11.6068902
1.866971376,13.76403278,26.23619344,91114.33048,16.34415337,10.12693821,1.354191099,27.536179,4.719361017,4.773387044,4.039936395,4.037855262,89.6850767,77.94747193,115.6153079,120.2428208,141.1096977,219.3140577,173.4191243,148.6851121,-11.43548433
1.865930286,13.72868652,26.14112419,90347.35323,16.36178473,10.23903947,1.349412,30.8886118,4.723769203,4.777899847,3.980643797,3.974454262,89.97753921,74.34754903,108.8186918,117.2318796,151.9401484,223.5125466,179.8813901,128.5721666,-12.72778013
1.866241053,13.81678596,25.88753637,89040.35503,14.99456363,10.10410974,1.352436106,32.72318373,4.71604439,4.770195656,3.964308668,3.939863336,90.93271409,73.0588429,110.6442836,105.1704084,137.6962729,229.9617376,177.7983576,135.6894892,-10.395228
1.86758992,13.89110424,25.96358534,92076.68399,14.62832698,9.577443667,1.344718577,26.5684518,4.714830995,4.769046283,4.035648573,4.013609877,88.69395049,65.96664751,113.2472195,107.9832343,135.4325889,222.9323769,190.9159132,156.7161513,-10.20197267
1.86804157,14.34993764,26.84323095,90091.09646,14.74193129,10.11646076,1.355649441,25.42008507,4.714655983,4.768894019,3.956392715,3.930449432,87.78850569,64.74249136,127.580922,114.2219621,140.7296903,200.8526465,181.9295572,145.4414058,-7.81907366
1.867633341,14.37774648,26.66415147,90942.25931,14.74732576,9.304186682,1.347474829,24.71041933,4.715886491,4.770186715,3.971660375,3.946857558,89.25257062,64.54825296,148.2577708,120.8372706,150.3088945,181.0692117,191.5997233,131.0845543,-5.310532173
1.867785731,14.42145694,26.54043639,92578.17622,14.88473608,8.718140517,1.358444671,27.1080316,4.733198421,4.787321696,4.018685679,4.000527678,88.55467976,68.02637798,165.1587261,136.8007192,151.0707592,166.1349028,177.2850217,146.1997991,1.232695337
1.867455553,14.4487601,26.36727084,90739.00966,16.58364987,8.775400469,1.353346059,25.150295,4.721423675,4.775735899,3.975848836,3.958859381,87.23956102,66.33822205,174.3094307,140.7035231,157.2320561,158.0430214,160.2246985,136.4118505,1.888891155
1.867013857,14.47275751,26.19209238,90052.87385,16.56215195,8.227978525,1.35925818,25.624187,4.718478502,4.772648525,3.96001792,3.942108583,87.57514435,67.4413047,171.2797402,169.1274892,164.47049,159.7473546,136.2824642,118.0091654,-1.625469943
1.866861432,14.42903695,26.31583603,88564.74432,17.10977473,8.012157279,1.340186004,25.7180262,4.714252233,4.768422968,3.95344826,3.943735394,87.66314649,65.13340164,166.1738091,153.0168225,162.1372304,173.6185801,134.1623206,114.3136255,-1.582803647
1.866668206,14.38356269,26.44915493,86783.33401,17.04256196,8.042768362,1.351661814,26.30335333,4.712046443,4.765999748,3.983093662,3.983964799,91.89916815,69.06805817,117.6880835,117.7359969,162.7740949,194.9388267,176.8693489,106.0902481,0.280649659
1.87598925,15.33071154,27.08163553,83435.27882,17.65395483,8.243403825,1.362338163,26.29396953,4.712580252,4.767019406,3.947038712,3.938136696,91.23848795,71.63956038,91.51162855,92.79035422,151.7772327,221.0765507,171.1860671,109.654648,-2.00624248
1.874979519,15.20773425,27.31162314,83629.15437,16.4264893,7.843918566,1.35312482,25.6323976,4.717986406,4.772645722,3.959992247,3.929807498,91.22883155,71.39906341,93.09130619,96.3060179,154.9153433,239.6193291,160.9021991,95.28484729,-2.1385398
1.874726062,15.15645161,27.45302355,85843.46115,16.82757564,8.024406743,1.355988348,25.42008493,4.716636384,4.771228606,4.039907555,3.994618947,89.6380931,70.7341523,110.8157104,103.8683732,151.5073566,215.3328509,171.319326,112.6820615,-2.994119673
1.875145929,15.12903482,27.65328725,86072.82614,16.67891976,7.765761034,1.35918196,25.28167113,4.714889364,4.769224772,4.020947074,3.98466845,90.69790225,71.42207402,109.3439765,96.1990888,156.052216,212.6267503,177.5071813,115.6879833,-5.150691447
1.874357399,15.05955965,27.73985663,85979.83801,18.39077784,8.351658949,1.348439113,23.35208567,4.715515103,4.769525475,3.948370311,3.886140957,81.889793,58.31789122,103.701485,88.44973773,153.0585102,211.4270602,177.510919,131.305485,-2.10903914
1.874051216,15.00315749,27.88770551,86832.89011,18.90686974,8.128099582,1.347480186,24.50983647,4.708503777,4.762606717,3.93375454,3.8952402,83.12835099,60.09902042,121.0163172,111.1463775,138.7401966,176.4227985,159.1118098,170.8596552,-4.352358493
1.862939821,13.03327529,31.21484251,88484.85889,18.61994294,8.514069479,1.352719748,25.76611967,4.716313244,4.770580671,3.88839393,3.88279048,83.80536512,58.11138502,126.39389,118.1975437,134.7099883,178.0616487,176.8171839,160.4849949,-3.11065936
1.863274943,12.95111703,31.61883473,89295.67044,18.55726214,7.735263142,1.370931469,25.1315268,4.718289042,4.772756903,3.926566487,3.930451401,83.40883336,57.65771356,126.053384,99.88017293,136.3129675,200.0804201,185.2118037,154.9951249,-2.727040373
1.863654139,12.9217547,31.8088192,88656.54675,18.03655132,7.71748512,1.34990153,27.57019367,4.714545908,4.768663072,3.862627227,3.8706632,86.20682912,57.98883151,126.8663159,91.82967129,133.7271098,206.3370955,192.2205689,145.3836682,-0.276425006
1.861544174,12.81112164,31.72976697,88583.02675,18.10927803,7.785949282,1.349246302,30.05460787,4.716144733,4.770327948,3.985817648,4.001886586,89.47743997,63.66231925,136.4389064,118.249051,145.906193,192.2714448,185.7513945,118.8515197,-1.823874813
1.861282971,12.75956978,31.87158771,89802.54122,18.4096326,8.244805765,1.349232692,25.8306344,4.715211489,4.769380066,4.033220964,4.016906105,85.07112124,66.10973452,138.3108428,131.8911845,159.1311672,178.8779612,173.9198395,127.7914112,4.4075103
1.861029449,12.70827401,32.01302433,91678.33699,18.51973858,8.117207076,1.352659738,29.57837053,4.716257504,4.770571453,4.059443292,4.016701848,81.64218253,63.3948183,142.7648727,151.387463,179.7891515,180.9675237,170.7972967,103.7024232,4.3010758
1.862011173,12.65034281,32.46006094,92978.20329,18.60684553,8.02824721,1.349262637,25.34149333,4.710852251,4.765133898,4.049940396,3.9996881,82.30719647,62.20862777,159.2076965,152.8610501,170.9472985,184.6234487,166.5032006,111.2806436,2.681794
1.861927374,12.64754952,32.46425089,92030.78714,18.1233874,8.056315551,1.35589189,25.11979693,4.709431096,4.763602553,4.037150854,3.969157511,80.44774908,61.46440536,145.9103042,152.66771,165.0676201,177.2934298,157.4351168,135.0599036,-1.16334903
1.860730524,12.56177778,32.50646488,91744.72047,19.41818407,8.018811053,1.348953848,26.8804696,4.707625685,4.761693824,4.037302763,3.948337688,85.31929622,62.90193538,149.7999928,141.638939,183.2039578,181.5440019,167.8101095,107.4351701,-6.31216404
1.85932377,12.42904457,32.67706199,87341.4837,18.52048358,7.693569063,1.352735771,23.8646866,4.711829241,4.766082577,3.916829302,3.814973155,84.49446938,63.00742263,127.2900627,109.8394622,174.1915143,196.1421062,186.3354253,89.82066486,-13.409504
1.8590625,12.37747951,32.81891906,87253.26093,19.42435129,7.601285923,1.350411185,25.31099567,4.711461737,4.765679639,3.949418826,3.885622374,86.43189385,66.36519682,126.2532286,75.27738207,147.0523735,202.4402019,187.989758,143.5823482,-11.61098153
1.85946991,12.34858387,33.01573624,88378.36763,19.87866042,7.889200615,1.349169534,26.825339,4.710606588,4.764587746,3.907508623,3.885296586,87.21484831,65.39824894,125.5097449,69.33968081,117.6525163,216.0265561,192.1806136,172.8511412,-10.872081
1.858145967,12.26089373,33.04748271,88939.56515,20.32890145,7.555282135,1.342054524,25.3356288,4.714298808,4.768525995,3.975876083,3.918376106,85.0344934,65.50548228,124.8851306,63.59746171,127.2203747,220.7896741,198.6269779,163.8744017,-12.09856873
1.857392418,12.18863217,33.13725922,87705.70565,20.05048202,7.607628072,1.33904823,30.142583,4.708736726,4.762578074,3.920505625,3.854148361,87.35497149,73.43394082,129.9013104,95.30087473,148.1202393,213.7778404,181.2046631,119.3464642,-15.52301497
1.854586428,11.61397695,31.82784123,87661.25249,20.32995669,8.396947874,1.303902966,27.6487846,4.715149522,4.76907931,4.003563727,3.925856866,86.81089431,75.7536842,139.6654281,110.2439914,153.823524,194.3664884,165.0648482,125.9109668,-16.76129847
1.853253907,11.52174225,31.85743787,87608.71797,20.66088414,8.571525399,1.306884633,33.0234708,4.715419369,4.769235259,3.931721039,3.913842344,86.84106328,76.14419439,142.4126339,111.2010274,156.3957367,205.5323428,160.5458294,113.1847839,-18.22704987
1.85321209,11.47767418,31.99546619,88746.61767,22.65945535,9.53690917,1.302910505,25.62535967,4.715283621,4.769191544,4.011190199,3.942284189,88.22756813,78.29385006,128.6394021,116.3671873,147.1342851,218.6010129,160.0729483,126.809031,-21.3083782
1.844950312,10.83339727,30.90091056,87463.69029,18.75252869,8.553653393,1.351582527,29.50212487,4.72448216,4.778005152,3.94362851,3.922252517,84.9904237,56.73635628,127.2888922,78.69375876,145.2314213,222.1774755,189.7099948,121.768171,-21.51211733
1.844343504,10.7703976,30.97761905,87313.51327,22.52571574,8.856240484,1.343253439,24.49810667,4.732673136,4.786413145,3.793389756,3.868172318,83.3223245,49.37406559,128.8686795,73.66069558,144.447462,228.5705151,190.3552345,117.7349164,-16.62346787
1.843784096,10.71275312,31.04815534,87066.95341,23.65316758,8.707741311,1.34160586,25.0013234,4.729329688,4.782629519,3.826730137,3.909574199,85.68569615,54.41115728,125.0797053,76.22922776,141.2524356,227.8137383,190.7036833,119.3259738,-13.36980773
1.843253179,10.69093873,31.00484393,85409.16715,19.76096414,7.538962807,1.29751868,30.543749,4.72640804,4.780053988,3.747559286,3.857194979,90.72467819,77.8219408,115.9589601,92.51132488,152.5545167,222.0188395,185.6338808,93.44173047,-16.147797
1.842748497,10.63891355,31.06883726,86738.84099,21.26853018,8.068913713,1.306904764,28.61299153,4.722378066,4.776378326,3.855036431,3.947386137,90.02511422,78.14780199,127.3103133,92.17740397,159.5603084,226.0334108,182.1914314,90.36790234,-12.10758427
1.842887615,10.57233716,31.37792431,87524.53929,22.66272293,8.355582108,1.297721292,32.9566098,4.722221972,4.775806866,3.893267903,3.972008297,87.94131335,75.42057151,116.9587968,117.1279732,148.4101779,210.4584965,177.3810154,112.8823512,-13.480284
1.841571891,10.51815303,31.21666898,87067.20823,21.89256452,8.96610759,1.303586161,31.65692593,4.718136843,4.772167889,3.843006841,3.95406094,84.561854,73.48743758,119.8307056,106.7760742,152.1890307,219.9542042,173.7040661,106.8677882,-10.77815093
1.841724457,10.56191401,31.09281091,87866.87573,22.1835532,8.486264874,1.317399682,23.13508067,4.723975892,4.777905141,3.779845655,3.889841423,85.90064081,67.62672691,119.4066647,102.8066735,155.5417668,211.5128257,171.292212,126.737637,-9.692967467
1.842491333,10.63027733,31.00810261,91791.01614,23.21364669,8.387998769,1.297808986,27.1584706,4.721048394,4.775204733,3.780161621,3.925532592,85.08591126,64.70185131,146.0592061,108.020015,168.694036,197.1861153,181.1821342,129.8348761,-3.394644387
1.843889908,10.68725688,31.16957339,93187.56247,23.83084143,8.448535691,1.297505917,25.15264087,4.716647895,4.77089083,3.77041561,3.857762033,88.08028834,62.96511314,160.3913142,135.1880192,166.927871,173.8442479,170.7050292,140.588125,-3.050857273
1.844606561,10.74959394,31.0914797,95166.09598,23.66090085,8.675608147,1.31055346,26.54851033,4.714373227,4.768204563,3.86064457,3.886730564,87.04168427,61.87298388,164.5679722,146.7518443,157.0407913,163.0452019,160.6800079,175.8983742,-3.156246467
1.843380347,10.7380185,30.80786358,93388.25958,24.10506358,7.852066753,1.31173412,23.14211833,4.719816557,4.773910946,3.870490965,3.841022797,89.08832312,57.66777654,160.4918023,145.2169828,156.987868,175.9196687,156.9124944,154.094468,-3.307098647
1.848884901,10.85193027,30.43509613,94816.42354,20.2225527,7.627835699,1.297852287,24.94501953,4.721772144,4.775577766,3.804576321,3.958505865,88.30151197,72.33868572,156.9262416,148.1911654,146.9892843,194.8043278,156.3451935,159.7591337,-3.56104632
1.84973347,10.9276653,30.34133009,93849.18976,21.34209028,7.880980716,1.293693773,27.99012807,4.72051253,4.774382519,3.783893086,3.935592111,83.02533057,72.25465605,159.6743435,140.6312926,144.681775,197.4060186,155.9977578,155.6098678,-3.828446613
1.849859011,10.97443476,30.19857729,92029.04228,23.81434026,7.762347598,1.311761996,21.98788647,4.74941154,4.801733457,3.941222579,3.918225182,84.62048558,57.52869633,164.9414998,121.6248828,160.5871144,201.1166443,163.4857306,125.3503724,-11.43992767
1.847587798,10.80794668,30.32914637,92174.8724,22.53174366,7.407596355,1.306989787,28.02766507,4.730138256,4.78360058,3.941515895,3.906144521,85.83978655,75.47446357,111.6592831,103.7903578,159.0194606,241.7572972,176.9395301,134.6284669,-12.5434444
1.845388362,10.64778262,30.45183543,89593.62652,22.1529524,8.11096187,1.290328224,26.36786873,4.724889646,4.778322109,3.927732622,3.880126163,85.61240154,77.34026916,109.7702562,95.37880691,156.738262,243.9125718,179.0971022,117.2288591,-14.567401
1.842451282,10.45837949,30.52637949,92504.55308,22.35140934,9.383650546,1.309323928,26.363177,4.719352752,4.7726836,3.977323147,3.931630458,85.83809673,72.82064131,125.6741148,106.5820299,158.4290176,237.0731095,177.0464187,129.177415,-14.87234013
1.840240964,10.29818252,30.64981543,92177.65968,21.67851225,9.362394755,1.303423946,28.04408547,4.719589482,4.773512215,3.925581497,3.860972536,83.47896315,69.71685224,125.5143059,113.1098088,158.8930474,229.7865467,182.6636,120.7440974,-14.2926398
1.837349398,10.11065881,30.72971289,93369.74671,21.62054494,8.982144955,1.303513138,25.4365066,4.719715259,4.773627623,3.918032881,3.892807958,84.95541474,70.35307249,142.3918733,123.5408691,145.0622433,218.1848698,180.1737893,136.4055299,-15.19021993
1.837323763,10.46133812,32.24146116,97555.15737,21.37537505,9.256447937,1.301669818,22.74329867,4.71704671,4.770952644,3.917738372,3.868841032,86.70827118,73.81675953,156.8110868,132.2839425,129.6570242,180.0012032,181.980921,209.1846603,-11.8814744
1.836574359,10.34933333,32.50541538,97927.89801,20.56389464,9.298942524,1.303619607,21.48115027,4.718683793,4.773029921,3.882610117,3.856150841,86.83572386,72.30753161,171.5064843,136.22854,149.3206863,176.4846156,188.8605015,174.0974972,-12.84098873
1.835276923,10.22283333,32.71165128,98085.84636,20.23845824,9.399004337,1.313216338,21.864721,4.717257526,4.771436745,3.934833754,3.895796737,89.16288,72.46414918,175.7522828,136.6559261,153.5273094,182.8159133,188.737961,161.2413884,-15.37333127
1.834928205,10.21420256,32.69325641,97413.21118,20.63900138,10.18289474,1.310565572,23.41777387,4.71609449,4.770353972,3.982996615,3.941162011,85.89793976,75.17479689,148.1761361,130.2347041,144.8887967,217.2430874,197.9569532,148.1866842,-16.4194828
1.833958974,10.18453077,32.62417692,93031.57934,21.65894789,10.05371734,1.303563709,25.1022014,4.717136202,4.771406836,4.045424859,4.008671509,84.02425837,75.97832261,91.64035282,113.7693757,154.374688,247.8546623,203.0907411,121.5782081,-18.42886127
1.834672089,10.22197001,32.7199212,90468.0981,23.13213634,10.98142925,1.303838774,25.47990713,4.71417029,4.768342097,4.002767214,3.984374197,82.4889877,74.65420593,82.95493473,94.64954984,164.1461859,252.1792458,200.7466613,110.5321859,-19.7349034
1.832087179,10.12632051,32.48790256,89867.67018,22.51433421,10.18620511,1.297336861,25.91860913,4.714872616,4.769229015,3.988664289,3.975290572,81.89193424,74.45186619,99.2749611,87.64853727,162.4614177,248.8503366,190.839819,113.6554388,-23.87832493
1.831786721,10.1196565,32.47436298,89760.60093,22.65956542,10.46086497,1.30341218,26.05350473,4.711347547,4.765461518,3.985103565,3.949173807,84.96946426,77.38183506,130.489008,91.14309715,145.7646762,222.4646918,194.2298645,123.882665,-23.36565533
1.830830769,10.0911359,32.40831282,89503.85743,22.39269104,10.17207175,1.290526334,27.07753327,4.709624293,4.763666078,4.035468475,3.924666196,85.89051176,79.70355733,135.9526716,104.0688266,129.6309722,218.6766564,193.5067241,124.6490914,-34.76432237
1.831685047,10.1228751,32.48697615,91432.40845,22.10128568,10.5769496,1.290275728,28.6493542,4.712559582,4.766680214,3.951790179,3.930909824,83.25108234,76.03480067,142.4858887,93.12382812,115.8423078,218.6832301,190.6142273,166.0881162,-46.1629894
1.831736588,10.13886855,32.5318027,92924.71296,20.84200681,10.65232441,1.30369384,25.98664353,4.71366539,4.767912007,3.98806944,3.963716499,78.06591163,67.67017927,160.6340988,94.17470515,116.4391277,201.2049165,202.2018223,170.4099764,-43.547775
1.830775489,10.10944572,32.46330282,96117.06277,19.51446525,11.58078853,1.297541523,28.13558013,4.717992478,4.771871118,3.966480126,3.967877368,81.60910487,64.77383778,156.9836457,95.07999264,118.6618686,206.6867827,219.1100445,179.1830401,-44.61851387
1.825239528,9.643390419,31.239271,94472.11319,17.68454798,11.02343691,1.303517592,29.72147447,4.721658775,4.775249574,3.988912956,3.950568621,81.39140182,70.37497132,157.461051,96.22507248,111.880827,209.6133594,220.859081,163.5660074,-41.699412
1.82436473,9.616609581,31.17692201,93751.465,18.88137359,12.11740966,1.302053634,34.10145847,4.715042592,4.768979624,4.000217658,3.967381222,84.96388774,78.38836602,155.2865334,113.4172277,128.8574152,192.9117216,194.9388066,167.0894516,-43.20233307
1.824095326,9.610712633,31.16500463,90881.83893,19.73352571,12.66286557,1.300477734,31.5079552,4.716375902,4.770301014,4.000079089,3.96974285,85.22919873,77.82761421,153.9042209,105.9947013,121.7511969,192.5075956,187.8777954,161.5567509,-38.79433993
1.823744504,9.601258968,31.14420505,89874.25515,18.07705735,13.08302138,1.323141597,33.85014324,4.711787268,4.76573364,4.020059359,3.985206071,88.22054638,76.77472373,144.9896376,106.1873688,106.9271833,193.4818209,186.243062,174.2175027,-39.771697
1.8246969,9.635858399,31.22913697,90220.81934,16.68530805,12.53965925,1.303559391,36.19233127,4.710213698,4.764119088,3.970095065,3.941208056,89.21600505,69.92023781,145.7719096,104.3711018,123.0229665,203.1657765,187.8494153,151.4005177,-41.22908053
1.825160842,9.65216848,31.26900023,90025.11841,18.0323491,11.68811768,1.304064464,35.52196127,4.719634692,4.773498728,3.986280808,3.950992029,89.95530149,72.45986206,153.2902478,105.8769259,119.7403111,183.9113459,188.0846351,164.1151626,-33.10221387
1.82561907,9.668639204,31.30937514,88568.96283,22.26577764,12.61151044,1.304438929,29.46106967,4.723880918,4.777523765,3.907690371,3.898533764,92.88097296,71.19165736,147.4258645,109.2690053,119.5702035,186.8312172,186.5154634,149.9331127,-33.927532
1.826672837,9.705742712,31.39963906,90367.83722,19.53467301,13.30159882,1.30357732,35.84805553,4.72139733,4.774888655,3.953423716,3.942060649,87.14114791,72.22178263,147.6528461,114.5115052,129.7836774,181.4745857,183.9477117,159.8889278,-27.42067267
1.827137237,9.722068966,31.43954177,98295.92933,10.02147786,9.523105557,1.262069766,34.21230663,4.747519789,4.801218054,4.172444608,4.138139503,89.32157505,63.98421414,149.3872978,137.6816641,164.8054788,192.5383968,188.4940608,162.6505271,-24.3833958
1.827595464,9.73853969,31.47991669,96457.10501,16.25127791,11.12285723,1.202817424,32.57655773,4.781272032,4.835273061,4.076495314,4.04245872,85.64688907,69.6454985,152.1888145,126.6471698,166.643802,186.1383914,183.6945755,162.9857431,-19.0902184
1.828053691,9.755010414,31.5202916,96245.04648,15.98163221,12.16213777,1.189605965,31.2240888,4.780829404,4.834795806,4.133915291,4.106646992,87.93832497,68.56517268,143.9365444,131.9200721,176.7857137,198.8174073,177.0142221,145.906324,-18.6707458
1.828546969,9.773107358,31.56477094,94468.64305,15.00698072,11.89565384,1.204455803,24.32450273,4.781749739,4.835651976,4.057724282,4.047640922,85.18853815,69.80114253,101.7928488,117.2373849,171.4804586,240.3839004,184.4700699,133.1369801,-14.37011207
1.829011803,9.789449202,31.60471187,94928.93687,14.73224108,12.35839081,1.285136935,29.15139807,4.776445815,4.830716585,4.023503853,3.980788083,86.84135007,58.68123279,108.6850102,124.9898639,177.1048373,217.3745245,182.2813948,143.947762,-10.6522778
1.834838379,10.25907901,32.83715752,94142.32526,15.07276669,12.08835434,1.359558805,26.92035133,4.772670662,4.826970315,3.991330821,3.951020261,88.81589255,60.82808677,114.3873685,105.7755998,183.3762161,219.1440566,192.3280165,132.6835789,-8.02025594
1.832385554,9.754071719,31.46751272,94146.33224,16.57852652,12.77936701,1.345486112,27.39072467,4.779672699,4.8335914,3.975219031,3.972411331,86.04584932,57.99873829,109.5187225,105.4414509,190.1926593,205.3918577,202.3216967,134.1203475,-7.23824656
1.833796819,9.788358132,31.54577476,93779.14004,14.93808583,11.21074493,1.3537359,29.7812988,4.776653618,4.830639428,3.978620544,3.952550507,90.37828892,62.74300271,116.2227593,107.6883365,196.5740645,213.5063552,198.8946091,111.6410525,-8.249394533
1.834364896,9.809348217,31.5974057,94154.11679,15.50862675,11.81232788,1.349203646,23.7802308,4.774087492,4.828296537,4.000884167,3.971702692,89.16483513,75.26774299,108.5605678,123.9077061,212.7922426,216.7095407,188.2055805,96.52602208,-11.937148
1.834872979,9.827610983,31.64217347,93449.36841,17.86946903,10.85521519,1.348868863,23.06352787,4.769407826,4.823523357,4.076911053,4.056199341,92.82298904,74.33305113,102.4487465,118.4638687,203.5640963,213.3789734,189.7625424,111.033092,-13.054101
1.834872979,9.827610983,31.64217347,92396.23958,18.93202244,9.791776022,1.355957119,23.93741313,4.771880352,4.826138964,4.033907233,4.001384208,89.47119451,74.22407992,112.3216366,118.2397859,195.1245186,191.3796623,188.2386666,124.8232705,-16.05881587
1.835075045,9.850061053,31.70210379,94395.6778,18.51013679,10.17367769,1.345928931,24.085211,4.777716907,4.83144327,4.019365732,3.995082618,91.4722208,75.80497258,139.5659756,136.4736802,185.8626618,184.1364788,179.4869808,129.796572,-19.81699287
1.835596844,9.867930771,31.7456223,96522.06547,17.8528832,9.411566379,1.346169847,24.8758138,4.773142021,4.826979769,4.082070972,4.057566501,86.62927979,67.0920684,152.714269,119.2091309,165.8848174,194.0615105,190.5425927,156.4121087,-23.77828867
1.836546061,10.01586092,31.34229664,95544.67274,18.20527531,9.239730809,1.359521812,26.32681387,4.771220334,4.825402863,4.031734096,3.994605088,87.63087664,71.48273712,157.5340555,90.83210988,147.9560483,199.0704727,196.7722401,178.0342812,-26.34474487
1.838287988,10.20105236,31.05580852,96052.79826,19.14513272,9.303968944,1.353536848,23.65237333,4.776113039,4.830251257,3.999137857,3.990310078,90.00836065,66.86921011,135.4902618,75.38908126,92.48072808,206.7798352,228.8672264,231.8680045,-22.20344733
1.839443161,10.37107262,30.71177572,93522.81462,18.70018515,9.828920378,1.339610781,25.20777133,4.775612056,4.829540379,4.027634528,3.993698528,90.87208707,66.68295847,122.2537394,71.6156817,76.72076524,234.2706266,235.7082439,202.8567507,-18.12167007
1.839604723,10.41798511,30.57966889,91550.85728,18.20518319,10.36325239,1.349053934,23.495192,4.775998226,4.830014491,4.015367526,3.990947454,89.16063646,70.45044514,108.2156645,94.32693893,117.3679193,218.0250232,216.3568978,166.9809194,-23.59117153
1.839245574,10.32252245,30.83907878,91611.69512,17.88393255,10.90831515,1.349040962,25.7954448,4.780349734,4.833767697,4.129922893,4.096526459,84.91229718,66.44186194,79.5310462,78.17975589,101.3404267,241.5494799,241.4090626,173.8885848,-23.050074
1.838287988,10.20105236,31.05580852,90332.86649,19.20552718,10.90376956,1.349201454,25.25586467,4.769520518,4.824043157,4.038800421,4.007455683,85.05494041,71.98136234,84.7249821,77.30913114,100.9549045,239.9436499,240.2460014,161.3872166,-16.34113
1.837384497,10.08565965,31.26570072,91112.0445,20.1170206,10.22049439,1.349015714,23.3943132,4.770229319,4.824705346,4.070950773,4.030766572,85.83031924,69.48865408,109.0683987,112.2574863,126.5440039,200.3792646,210.1872061,158.5027301,-14.19852467
1.836453682,9.965945599,31.48767,93610.69945,20.88986085,11.67591496,1.359548797,22.54506133,4.768810467,4.823020921,4.069468259,4.049538239,86.72919628,71.62275478,145.8124932,138.3583788,167.0217651,172.6660926,188.1266518,136.9411086,-14.60053633
1.836463039,9.921411704,31.66495893,93624.7657,18.06621154,11.86895058,1.360581383,28.78190353,4.771427181,4.825652228,4.005506604,3.992328592,81.89026877,58.03357831,151.4622659,121.9497445,162.2122224,175.3892594,196.594389,142.7144483,-13.49303247
1.834549654,10.09868617,30.83193739,96083.87444,17.85510184,11.71814021,1.34371064,24.56027553,4.778315534,4.832612877,4.032409484,4.002053181,75.15763401,60.30662392,147.8148833,122.0379419,157.3186109,186.6839235,194.9823005,164.8091411,-14.97309267
1.832628337,10.27130647,30.0051078,93275.72125,18.71063567,9.377119178,1.357472939,24.6341744,4.769725725,4.824015665,4.002461827,3.979549271,77.46805688,71.32731168,135.9143357,106.2754035,164.3130733,208.899922,194.1354699,133.9619232,-18.540918
1.83078819,10.45262644,29.18095507,92980.14751,19.96168363,9.819063538,1.35568144,24.480511,4.769935696,4.824496326,4.00793488,3.970256161,74.88022,57.28231762,135.1917423,80.55110896,143.0470985,205.4708775,193.5327761,182.8859967,-18.750582
1.829090909,10.59378788,28.48096045,96233.90161,20.36269126,9.854571681,1.347621724,25.63943587,4.768205742,4.8223588,3.994808688,3.995989445,76.56723345,59.0035794,156.6761542,87.40058302,137.251069,196.1174451,192.6669012,206.7086751,-13.12038263
1.827198973,10.76810526,27.65993325,99100.71616,19.40730663,9.599919416,1.351169831,20.68937467,4.770699431,4.824945196,4.0303623,3.999837829,77.18764562,70.0750391,154.417145,126.1022842,157.3632402,190.5128892,197.7440156,178.4245981,-15.60370853
1.82558554,10.95831466,26.92600815,93778.31738,16.04795992,7.763905364,1.352886192,21.38496427,4.770273941,4.824278114,3.921642814,3.920235125,76.05366705,71.10625747,161.5233091,116.1306822,163.63486,189.3645459,183.9596357,139.0399099,-18.3732298
1.825798665,11.20170519,26.19945044,96130.7633,19.95949229,10.13877758,1.353036202,25.5995538,4.773957776,4.827823456,3.99527286,3.981151549,76.12312811,77.07467254,181.3287751,133.4370278,141.765003,179.7193633,176.2886614,168.3981889,-18.6135906
1.825797176,11.44360719,25.52372529,96441.73273,19.62802955,8.957032414,1.350220481,25.21246333,4.775229538,4.829376867,4.021913966,3.994078508,76.10011965,80.92594699,183.5369768,135.5635364,116.1776704,182.5337945,179.279596,187.082745,-14.9381506
1.825387776,11.5915999,25.04415254,97645.3992,22.09019282,9.444458387,1.35617245,26.73149867,4.786794738,4.839881356,4.153940021,4.06432619,80.84982629,63.5332992,193.5884548,125.4302706,131.3403376,182.4865282,173.6766871,191.5979193,-11.16034747
1.8236415,11.28303287,25.55651002,100726.5239,21.0802657,9.496676912,1.346144606,25.30161127,4.798149966,4.851023971,4.098625687,4.038791818,79.13063926,65.66478681,197.3266661,125.2866603,129.4781281,179.9808962,172.2328886,224.7210648,-6.385763013
1.824868857,11.5270028,25.20436211,100584.3185,21.68402549,9.978015498,1.356772134,25.0177462,4.799756157,4.852716182,4.101375672,4.037879861,80.15403196,58.74462766,202.6067869,150.6590111,133.1788755,171.2850439,172.3312699,198.650721,-4.35295444
1.823481823,11.44165899,25.1414977,102209.632,18.47614869,10.05321398,1.356869258,23.25589973,4.802002254,4.854631646,4.072724289,4.030097358,80.37079144,61.38993362,212.2286843,147.6235839,145.5841777,172.3205927,156.653984,212.2218659,-3.5634484
1.823265725,11.39489602,25.20092169,98884.24393,19.6842841,9.258335074,1.346774005,26.0781378,4.799293039,4.851699348,4.04311485,3.983873902,76.11864672,80.52612171,196.6518619,142.5332223,163.8249157,186.3717428,162.1873554,159.3392431,-2.179302616
1.822983312,11.34499358,25.28378177,98424.91789,19.83001232,8.692848691,1.349814128,27.79071787,4.802571686,4.854677658,4.037536232,3.9815182,75.07553,80.60953279,187.2087347,182.6004215,161.7531834,175.4243304,147.2280206,150.3521132,-1.237772913
1.822686874,11.29104803,25.37003082,104014.3243,18.59663371,8.864081058,1.357238401,24.1849154,4.80585822,4.857722132,4.048691315,4.019795034,75.91329834,70.05964613,200.6857828,208.4400624,159.7544952,161.755696,137.9721459,193.4050191,-1.94655618
1.823025944,11.26219882,25.50370922,103177.8139,19.62817605,8.583145593,1.350075012,25.923302,4.805430262,4.857291196,4.022180449,3.949085679,75.72750142,74.38665444,212.4971002,210.6607266,144.2003224,147.2328318,140.2726456,201.3242503,-1.923540187
1.822455059,11.16212892,25.67151002,103722.1749,19.70228766,8.501831888,1.347009543,26.42182653,4.806896336,4.858717822,4.013154404,3.93131929,76.48656056,65.8665292,211.8965291,220.1125953,141.1898678,138.1751215,139.1263325,210.939661,-4.992674247
1.821870023,11.0579476,25.84285641,101035.337,21.47397659,8.679172399,1.353352569,25.99602767,4.706945397,4.758269351,3.936830054,3.881818125,78.70610377,67.5744138,216.2377101,199.9041327,124.0213788,127.7674868,141.9887285,225.8796793,-5.474892667
1.817261353,10.43698795,25.48741427,101267.9218,21.45506281,9.382432683,1.35134397,25.2382698,4.70753741,4.758614271,3.956057845,3.882526195,74.65733559,62.1921056,217.066789,192.1675135,133.5206849,131.1259808,142.2408058,222.2134575,-6.066796793
1.816740844,10.3439198,25.64311544,100454.4418,21.28983524,9.209849137,1.347715122,30.82292307,4.707107739,4.757886025,3.97331513,3.909905326,76.96659962,72.30359482,208.8057389,175.9463928,135.4921765,138.3953743,147.6992822,222.2724083,-8.20114352
1.816227115,10.25382619,25.79451217,96368.38755,19.12204262,8.201638904,1.352901786,29.4833568,4.700217039,4.751213223,3.934247968,3.84335419,75.39803448,71.91515729,208.4091183,184.60396,109.1958484,140.1627258,146.2121008,199.8876293,-10.17111827
1.816258693,10.17862309,25.99498609,97633.1712,17.46661936,7.394590621,1.353503756,25.52917373,4.706442494,4.757069026,4.004926976,3.905910276,76.377574,80.26953966,210.3809335,161.4192325,118.817103,146.9454015,146.2127143,217.5747549,-9.6210048
1.820322132,10.52192352,25.61096871,96973.48935,19.96869631,8.632762711,1.346791295,28.50859387,4.709095566,4.759759871,4.004288932,3.924057318,74.41197078,69.74574645,196.9104377,153.0859213,144.8817651,165.6537536,158.7170821,172.8167321,-9.6673711
1.821711106,10.6088894,25.54007651,96657.87954,18.63570866,8.183772509,1.346305804,32.23521427,4.705306866,4.75605656,3.956584564,3.879280071,72.57014845,66.41868204,182.7807159,147.5344849,135.7777799,159.1422175,170.5078146,190.4185919,-13.5792198
1.829056779,11.53784473,26.25200232,98169.54547,19.7833947,7.7142553,1.339130561,29.3508082,4.707087717,4.758573904,3.954164169,3.884314553,74.72936769,68.00548369,181.5525782,149.1831938,149.3046873,166.9812974,165.5882006,188.520826,-13.9781572
1.837840386,12.27555198,25.48067847,98622.86002,20.00345433,7.99583961,1.331696811,28.26226407,4.705165029,4.756783851,3.979653161,3.906714531,74.20449173,79.81872561,195.2929355,144.5314694,158.0700952,165.0956395,168.0789348,177.0707349,-15.40379923
1.843935143,12.76771619,24.95044388,97454.38173,20.93163414,8.271681056,1.249065009,29.0223676,4.704102148,4.756092126,3.96600582,3.915831137,74.82275321,79.65237776,184.8897961,140.8614582,144.2545361,171.0765534,167.9220836,185.391748,-12.76769327
1.849727231,13.14134073,24.65452843,95755.02215,21.66238276,8.921438906,1.25795177,27.20187113,4.690698151,4.74273524,3.946869425,3.895683606,73.93339757,72.92690121,185.9829599,137.3644251,152.7793408,176.3658539,168.561899,156.9892793,-17.60415673
1.851800695,13.22637543,24.6334299,95234.51344,19.30902037,7.826268748,1.250833431,29.24171933,4.691893254,4.743613421,3.947081534,3.861786495,71.76111053,71.71698529,183.780784,122.7236063,119.7049062,180.1080352,184.274456,181.8960282,-21.0078042
1.853747393,13.30424334,24.63472769,97452.45379,20.57486183,8.365337962,1.254611047,25.32976407,4.699030201,4.750806341,3.916424545,3.86260348,75.44479347,70.3287916,206.0214475,108.7802402,106.7474807,185.9661678,192.1146941,199.0116845,-21.30284273
1.852959444,13.16501275,24.86591194,100617.9909,19.63122748,8.270147546,1.250690372,26.32681353,4.702239779,4.753986384,4.022391224,3.920974081,73.29081684,67.75625113,218.6742123,104.4032846,109.4546565,172.5450708,213.6984608,213.4846996,-20.0102224
1.854499885,13.32789837,24.70434813,102043.3602,19.91974203,8.620780027,1.251123129,24.36086547,4.700985084,4.753214903,4.011318486,3.954604862,72.71365491,68.61036078,225.9075409,101.1072424,98.7349075,166.1302324,225.8455255,229.9764388,-16.74698207
1.852959444,13.16501275,24.86591194,99997.49622,20.58366838,9.12273858,1.248722626,25.2804972,4.690001911,4.742372895,3.947935474,3.957091033,72.24049117,69.12683885,229.1507728,103.0309963,105.1357571,157.1049632,216.5850309,217.2551653,-12.1291872
1.852245655,13.06334878,25.06080185,98780.30296,20.8376547,9.316726764,1.248968995,28.22824693,4.687101222,4.738793052,3.965984763,3.97391991,72.98542204,68.60567364,253.7996387,140.1742715,101.2178,133.2411023,177.3494166,215.4449311,-5.742226387
1.852895225,13.12433704,24.98430227,98459.54342,21.20847516,10.32020075,1.251202497,21.87586522,4.697241759,4.74870017,3.878596588,3.905459588,73.14677,63.16169288,257.5347482,226.9687468,103.681995,121.9683531,123.9817364,185.1960129,-8.592518887
1.853609179,13.22602457,24.78936718,97184.80714,22.80460071,9.30545866,1.251287435,15.5234835,4.700099877,4.751405094,3.989264126,4.009194981,69.37401652,72.10493428,257.6717783,202.7447612,103.8668916,124.7307876,125.1445286,192.2805237,-9.188934133
1.852334261,13.10531525,24.93848169,96664.83254,22.20080641,9.436522476,1.248631944,30.67277893,4.696754572,4.748574344,3.959044857,3.956970863,71.67306866,76.67860558,200.656494,213.102508,107.090393,137.2333673,124.6262656,207.0773358,-8.898020467
1.852371899,13.14557153,24.81193833,95930.43739,24.12234698,9.842428393,1.243798512,28.12854213,4.694022186,4.746226665,3.906595542,3.954281842,73.50934126,81.89813331,190.6629726,209.5639056,115.9855201,157.2411861,128.9622903,178.9801904,-8.643090133
1.852405474,13.14905822,24.81386453,95740.56778,24.08742792,9.63296163,1.242238961,28.91327933,4.694753983,4.746341105,3.970943947,3.951036277,70.76016155,78.58699515,180.0545797,210.5689607,108.9529654,161.3672141,127.9296063,187.9088866,-9.739473
1.852482023,13.19041986,24.69340292,93879.94883,23.52425773,9.328965746,1.250260592,28.87574313,4.7017297,4.752974142,3.936223393,3.935075175,75.34720279,81.35807412,172.6245266,192.0912651,135.5081014,182.5005386,119.0767885,155.1325757,-9.751942267
1.852482023,13.19041986,24.69340292,93675.82605,22.42365069,9.107847032,1.244747757,31.504436,4.702161304,4.753545165,3.981811727,3.920861363,72.65386247,68.1653187,191.7631141,177.8261785,134.8181554,156.9647918,120.1524898,177.2113381,-11.77155747
1.852558571,13.23178149,24.57294131,95767.06209,22.05721291,9.441336861,1.245050008,31.53845307,4.702520218,4.753996025,4.002114056,3.979450479,75.7306502,69.85429359,197.1009503,163.8796576,132.7081034,149.7287529,128.8130796,208.0077973,-19.979258
1.852558571,13.23178149,24.57294131,96013.06239,22.34195925,9.928861832,1.251550755,29.0833636,4.702560948,4.75423892,3.940290672,3.927446019,73.59540196,69.23963727,203.1576829,164.7177412,121.6726416,148.2389862,149.7653966,196.2491201,-17.802507
1.852680891,13.27794991,24.44778293,95086.07385,22.0079826,9.963269577,1.251328447,31.83639493,4.710467957,4.762045073,3.936662266,3.946550601,73.25699649,69.77319617,192.871126,164.0257292,124.8478785,150.159714,148.0729483,192.8284163,-16.931969
1.85335653,13.37866156,24.2464579,96154.86449,22.27000684,9.436008277,1.254816813,31.58420027,4.71189656,4.762672333,4.017667133,4.012896406,75.14379724,67.45257029,189.6191454,155.052828,121.2994988,143.9011556,148.7181707,224.1154456,-25.8847222
1.85335653,13.37866156,24.2464579,94286.22615,23.30938788,9.658820794,1.245094886,32.68682193,4.710414594,4.761896287,3.948824202,3.912261023,72.25488521,79.24154499,180.9118457,135.082838,129.400895,160.6902149,171.8603922,184.5941892,-22.34780667
1.854971231,13.58106329,23.97007365,95013.58223,24.49741476,10.21502836,1.251829547,30.3279174,4.693833419,4.744751615,3.955954948,3.94747435,73.53275208,82.28310041,186.1435331,117.9446277,129.3757971,165.1464832,174.9020109,197.1257858,-21.14348473
1.854971231,13.58106329,23.97007365,94282.32862,24.6880749,10.70237105,1.249012268,30.24346147,4.685503738,4.736074217,3.877992566,3.8983475,72.86423757,77.60748876,183.9916218,131.1289102,126.69701,146.5887909,165.8475834,208.8367519,-18.54148727
1.853555195,13.46614796,24.00094156,96332.21807,25.75128558,11.10045885,1.249064286,32.56834753,4.673808005,4.722701234,3.836513463,3.866499501,75.30061452,70.01430436,192.2829632,163.0230184,121.431347,143.7360949,166.0606861,198.2707151,-17.5758414
1.853555195,13.46614796,24.00094156,96620.5256,24.65793271,10.07155698,1.254852519,30.49448347,4.677285026,4.726278549,3.943901566,3.879063631,73.79071284,69.3139628,198.4469616,208.6768474,120.1289645,132.2146992,134.1600982,195.6677311,-20.1030294
1.852083236,13.34533785,24.03472294,97383.17711,26.89201987,11.23610728,1.298887351,33.187691,4.678690992,4.728173404,3.930670998,3.913016963,73.96290465,72.47214431,211.6194996,207.4095287,140.9390599,129.7887734,131.7954158,177.465668,-19.21722193
1.852083236,13.34533785,24.03472294,96718.50048,23.26939652,9.531259406,1.248959909,33.12786827,4.700443416,4.751160605,3.954026991,3.927742684,76.59141234,72.05151387,211.2330094,178.0020835,136.3272645,131.7534629,131.4607647,203.6390265,-17.30959987
1.852121141,13.3859986,23.90687325,96775.64414,23.42455082,10.02824155,1.245123437,28.18836533,4.707529945,4.758641621,3.978492217,3.924104416,72.97491722,66.5089075,213.5887063,177.7169058,132.2862374,121.2400229,133.5650799,215.0320045,-16.2285694
1.850582135,13.22567287,24.06014377,96049.81473,23.47907713,10.16629654,1.254681468,33.72844493,4.711829026,4.762791904,3.951744195,3.924704809,72.56081,67.91413578,205.4641865,176.6173273,132.8281503,145.8653542,133.2435063,190.6617936,-14.41572427
1.85065991,13.26769738,23.93775159,95086.81078,23.61132398,10.05711906,1.243507361,31.29798827,4.687927811,4.737332603,3.919956157,3.893078506,75.79623554,67.06028694,186.5672822,177.5305284,136.4131482,153.2694722,136.5358608,181.1601503,-13.169809
1.850869565,13.31746692,23.79034263,93831.11058,23.64888526,10.13716489,1.250840049,33.28681024,4.640984512,4.688268182,3.925252038,3.876224134,74.18818623,67.61451782,166.3362064,169.4219373,148.1577661,151.1169912,152.2378197,167.7635329,-13.35869153
1.850791588,13.27533318,23.91305293,91503.5046,24.8763123,10.12746999,1.251388589,35.2756322,4.641840907,4.689140595,3.919221221,3.887853092,75.07219397,64.18221533,149.7223424,116.2978201,146.8889232,189.0399479,183.9164204,142.9194005,-11.30480553
1.850141777,13.21380907,23.98905482,91318.85409,24.79681576,10.38231089,1.247542886,35.76829116,4.639027073,4.686654362,3.854536632,3.836372033,76.49609383,65.48837208,160.6695761,130.9955138,145.5784776,163.4711757,180.5178995,148.0037851,-6.73621144
1.859549897,13.99164095,25.08606224,91515.6604,25.87346469,11.35106059,1.249102474,34.70438035,4.624536843,4.672590429,3.816454036,3.826408986,71.68982626,61.77576461,177.4691599,142.1523177,145.4449519,148.653099,157.3361812,163.5829338,-6.02821612
1.860015428,13.96506814,25.27122397,92108.91098,26.24593194,11.11535469,1.248820565,33.64046953,4.614182935,4.662203324,3.846075904,3.866297936,78.02420454,66.70064941,170.700398,139.6299254,147.5800059,164.5344085,157.7486451,158.7638865,-5.880989867
1.859110311,13.84946773,25.48149396,93729.39677,24.60638148,10.37374122,1.248968985,34.94191306,4.617442934,4.66572401,3.804068201,3.805732033,73.6970781,63.69213038,173.9292806,143.3544081,141.7146954,139.0043511,171.904359,185.6676792,-1.9067646
1.857260802,13.48371914,26.35284979,94671.58645,24.03474317,10.28276718,1.251266332,36.2433566,4.613600914,4.662051811,3.830278867,3.810437611,71.94351033,69.36367557,186.0856339,162.8320999,150.4719245,140.1661365,155.8357695,171.8038583,-2.256065053
1.855532407,13.1657999,27.10005144,93078.60654,23.71502894,10.07442523,1.251436994,33.70498393,4.614288035,4.662898167,3.765481378,3.730392093,71.65746,66.19960199,172.3001455,176.9734979,165.5939865,158.66222,154.2046056,121.2648615,-4.682080213
1.854962696,12.89116542,27.92666066,94027.37615,23.09714926,9.663718331,1.251321276,31.27921989,4.611408341,4.65997199,3.806053254,3.791925037,73.89025648,68.05209062,180.0202979,183.2101233,173.0462459,152.0725893,148.0508313,123.2912601,-10.48167217
1.853182403,12.57029071,28.66668639,96401.8991,23.33665157,10.23339798,1.251752637,28.85345584,4.61486754,4.662894756,3.81655851,3.802052538,73.88702576,66.53987821,185.7609574,191.3132404,179.5994914,144.2066587,142.1382453,141.1488508,-15.5347184
1.851975817,12.35565732,29.14989967,95295.50759,22.82562592,9.290155802,1.251450359,26.4276918,4.618989222,4.666796464,3.834739858,3.807774534,72.77793608,65.45286059,178.4347916,192.9469848,187.0698902,165.8617204,119.4034216,128.2505894,-21.25640467
1.851923868,12.2291178,29.58274691,97598.79251,23.39430758,9.492449146,1.258665473,25.51157793,4.615535541,4.664158207,3.817420656,3.799696242,73.65364425,58.15803959,183.1026031,173.4646563,187.7628427,160.1383987,124.2860923,166.7710641,-23.24609273
1.852058148,12.10497067,30.10577404,101178.8939,21.12812504,9.116337111,1.245336535,24.7215626,4.617329506,4.666002327,3.905781979,3.878401808,73.28407702,70.08796046,182.6819352,160.7439789,156.9403859,151.416967,169.6792425,209.1614898,-26.180078
1.850913265,11.93643367,30.44754592,106799.1663,21.12304382,5.440750596,1.250677512,23.93154727,4.615431815,4.66285781,3.736485051,3.844724563,77.83409607,65.44171197,226.5671181,182.2739119,193.3426218,168.7845401,193.5971783,129.9259624,-33.618521
1.848888317,11.64881884,30.9384946,92438.42105,22.23555036,5.288608178,1.245196543,25.39076,4.615520571,4.663041997,3.731801999,3.872826439,74.38450929,74.03430562,214.9835289,115.6132876,174.6954282,170.3981393,179.2566221,96.36087085,-36.14142447
1.84782866,11.35647029,31.72657577,85655.98449,23.78244055,5.048957098,1.249216283,22.95326493,4.609969729,4.657821288,3.655254049,3.804160548,74.83652152,80.37746344,177.1895736,81.51866099,162.3697855,186.780423,175.2036374,93.91572576,-38.09032947
1.844307771,10.62839166,30.81486361,83331.28986,23.2399588,5.345070734,1.254629572,34.5659668,4.604664234,4.652775575,3.636918004,3.742528573,74.22251227,82.00429925,185.6908358,84.2449471,143.1800884,188.3969402,162.1688225,92.09139389,-35.15412967
1.845596939,10.68469898,30.9811148,83334.03819,24.74042772,5.998043238,1.251287887,29.696843,4.594736,4.643359285,3.819801334,3.8394262,75.95046977,84.34207856,194.3704985,90.01332615,134.0532789,188.7284972,148.1089431,102.2544459,-28.75073927
1.845080337,10.66645754,30.93724815,84564.83949,22.88439552,5.460183534,1.264453601,29.24875813,4.600851828,4.649054139,3.940278726,3.892995396,74.78018132,69.31694543,149.8272314,131.9522024,133.0817266,199.6037668,130.491382,115.6688807,-35.6761406
1.844221765,10.6645382,30.65551068,82837.76837,23.32462543,5.728347574,1.248921033,28.8346882,4.60643172,4.653936372,3.906848992,3.86002969,75.58431596,69.65294705,138.4962079,121.4121248,131.3271065,184.8894833,135.3636894,130.0338366,-38.221207
1.843712375,10.64622845,30.61062773,80671.68541,23.38460107,5.158247543,1.261887945,28.42531093,4.609596561,4.657274592,3.851621261,3.806039122,73.64476375,70.91251203,101.246148,118.9580618,145.7761087,176.4822895,149.8769152,120.4953119,-36.35138967
1.843202984,10.6279187,30.56574479,83383.85192,22.84013041,5.414544393,1.256286022,27.0552466,4.610296383,4.658356638,3.916839249,3.872483798,74.42080238,69.75608628,94.45918747,119.860523,152.4622398,191.9371523,157.3213555,122.0237893,-28.61759987
1.843202984,10.6279187,30.56574479,82056.76018,23.78184443,5.220685265,1.258651812,32.88271167,4.609096439,4.65749693,3.823730495,3.781602203,72.75613,69.35605586,103.444471,115.9034213,143.9368813,183.5470711,155.0690482,125.0781275,-22.48613993
1.842693594,10.60960895,30.52086185,87475.70862,22.43402232,5.255229963,1.248668274,28.08220874,4.636429236,4.683965893,3.902119231,3.893401512,78.00745827,64.71864326,119.5500765,126.3653155,155.8294787,173.3666122,159.1813945,149.1027331,-24.09548247
1.842025219,10.58664436,30.46461915,88806.27127,22.93700813,5.661843395,1.248482311,23.2817058,4.643074943,4.69016456,3.914667347,3.920870192,79.52930985,70.76239895,105.5409222,124.2400022,173.6132531,203.7840366,170.4316336,115.9898682,-19.24358593
1.841469377,10.56666495,30.41564334,87530.81959,22.7539066,5.413037028,1.248752331,31.763669,4.639222807,4.686777677,3.923222794,3.933222645,77.86071966,72.94128388,91.50172799,124.3760477,188.365943,185.7110145,185.8115984,102.4977484,-13.78042033
1.840959856,10.54835049,30.37074884,84387.76581,23.1882739,5.945797492,1.246028166,30.38656687,4.635821885,4.683314809,3.869270803,3.88617432,79.47509549,70.55276564,90.40893665,113.2114624,174.7664672,192.7494801,170.521456,105.4481571,-6.947154987
1.840450335,10.53003603,30.32585435,84280.70428,23.91211409,5.689149197,1.248768859,30.98069134,4.616143551,4.664388692,3.851622636,3.86129667,77.99777038,71.96006064,91.55638982,111.3312358,183.5600018,190.6461839,171.7035972,97.46075245,-0.247985515
1.842118404,11.02108623,31.66505792,81992.21812,24.71516899,5.794664959,1.247133153,31.5748158,4.624743434,4.672876766,3.81544887,3.79065483,70.87006457,70.45081444,106.7448944,115.751022,156.2926907,182.7719338,161.3343917,104.0929939,1.4674578
1.84156242,11.00110167,31.6160695,82691.91512,25.02919075,6.044558411,1.249274877,33.56891633,4.62033463,4.668560548,3.903486291,3.877215036,73.84870954,74.54121513,115.7236915,112.4235592,152.7284275,175.8162549,156.5000093,122.2989972,-8.563151013
1.841052767,10.9827825,31.57116345,82320.18607,24.23576243,5.330858084,1.2508673,25.62418707,4.610762864,4.65951237,3.848426813,3.840287547,73.53316663,72.12436578,109.916824,95.08834294,158.9069877,211.8042751,158.9804596,95.93190158,-3.112204193
1.840543115,10.96446332,31.5262574,81115.69357,25.08945863,5.830563283,1.248932442,23.43302213,4.586602096,4.635014565,3.844676437,3.785423521,75.10381963,79.75693537,95.26926572,88.17838303,169.9883739,228.9263515,157.0433119,76.4690731,-0.550918246
1.840661689,11.0980793,31.08933831,79591.66637,23.96340129,5.538829736,1.254656025,24.76320473,4.580860409,4.629652931,3.824758137,3.746413719,73.90990722,78.78572865,72.41146373,97.99704023,167.953316,235.458974,155.7870325,66.81833098,1.178429797
1.841909137,11.27261358,30.81893058,80220.51402,23.9720135,5.186281697,1.257489083,24.08638393,4.57855497,4.627487417,3.868672197,3.790242463,74.55919168,72.65582292,63.59490437,85.33058374,185.7356105,222.3523798,174.7184102,69.01605021,4.957678813
1.842713119,11.47016335,30.3009367,83043.13181,22.79497845,5.656354721,1.248941851,25.70160447,4.576118453,4.624469616,3.923091646,3.828767965,72.07622137,66.26906029,69.98864829,108.3211561,185.1442708,227.4330963,158.9341009,79.99802002,9.1348
1.840803296,11.35647013,30.21743306,83216.88815,23.54725037,5.263042519,1.264545114,24.70807347,4.572135489,4.620768388,3.967646811,3.85857164,73.20113393,68.400817,71.62240511,102.3013952,187.7949094,231.2198873,157.8141094,81.13149876,3.17357092
1.841519053,11.63927909,29.3829171,82018.36892,23.34329313,5.733650467,1.251510998,26.662292,4.568962722,4.617775222,3.89886583,3.775614724,71.38796893,67.58992503,64.84172055,80.99358243,184.6933665,251.5534228,166.899625,69.6948962,4.10330638
1.842018538,11.86894696,28.68774202,82134.50818,23.40986961,5.209206921,1.261443412,26.82533853,4.57075425,4.620143497,3.891326636,3.75322719,71.56088486,64.33092845,91.48251633,125.9016598,170.7312773,200.7542036,144.2628346,92.09947494,2.3978205
1.841653905,11.85559214,28.72898162,81963.47277,24.19643548,5.559199381,1.248903045,27.88807667,4.597162386,4.646626212,3.926601314,3.780001912,71.97047462,67.2497439,101.3493977,120.9113413,167.7469276,179.1386608,159.5742597,96.83404037,1.005364707
1.842159265,11.87375702,28.77350944,83499.43763,25.58169924,5.956383667,1.258546264,28.24466887,4.596304748,4.646051042,3.949051744,3.893104402,70.43222751,65.13398946,105.0879228,107.1321767,154.1185475,165.2558944,160.5134302,149.3428315,4.039181747
1.840931964,11.74310141,28.91861617,82745.7223,24.92395904,5.827855585,1.249103586,24.52391233,4.597268497,4.647103392,3.934121033,3.847035726,72.63978173,64.43656255,96.05342007,111.437135,173.9256811,185.4979826,175.6568267,89.61936267,5.481977647
1.839631823,11.61303038,29.07143409,84197.3411,25.39106638,6.13290343,1.264685255,24.52743193,4.591398143,4.641449353,3.948884216,3.869442075,72.46251792,65.71439187,95.27811521,108.3755142,185.9924786,194.0950329,176.9101701,85.49322932,2.974600547
1.839631823,11.61303038,29.07143409,84596.28761,24.70994135,5.946360062,1.271387199,23.49988367,4.56981685,4.619532375,3.915211374,3.832240639,70.6124875,63.11483535,75.64697178,113.748588,198.4455353,217.9935475,182.3690454,58.00463382,3.87653962
1.840489186,11.81916323,28.56937693,84238.10791,25.7088047,6.067000236,1.245029178,22.4324534,4.579218715,4.628727833,3.929487745,3.790888096,70.56356959,65.72839963,79.64822694,114.5247361,213.6577171,215.4204477,184.4289358,35.80444577,-0.808098
1.841061035,11.840752,28.6204275,85451.54013,25.59539179,6.409277175,1.251566713,22.93215173,4.602772994,4.652654975,3.946659876,3.851539086,70.48555,64.03360464,101.9230956,113.6778129,217.7552286,199.9826573,183.7763383,42.69259649,-3.985022733
1.840260108,11.72360288,28.84915787,85761.34685,24.53588892,6.343044593,1.251532945,25.11158527,4.614065365,4.663219581,3.951692424,3.898684045,78.29763505,70.31413893,93.95687476,120.0385531,179.4792621,189.4399246,174.8358154,103.5668895,-6.75727968
1.840770023,11.7419315,28.89408705,85093.00758,25.14830247,6.496971818,1.249426607,23.53742007,4.614477377,4.663310156,3.918416008,3.885829343,69.86596445,65.51083353,97.07358953,94.6087968,183.3517396,193.9093314,186.0969091,100.2755523,-6.290134
1.841383308,11.81073673,28.79192169,85693.47077,24.19599027,5.755581638,1.24754769,29.2053556,4.595730703,4.644504757,3.83890326,3.831511231,70.25372286,61.39723102,97.45249373,90.79754174,176.9645364,186.2061009,185.5185819,124.3827024,-9.230532
1.841950026,11.82289284,28.79486862,86421.72635,24.44806691,6.078739027,1.248675556,31.87745033,4.606515032,4.655245388,3.799637181,3.816673995,71.5838989,70.30015434,107.198332,108.1487771,178.9403768,179.5868195,184.8493907,111.7379113,-7.490181927
1.841916538,11.76632664,28.89690108,85639.48428,25.39550866,5.728902195,1.248692871,31.5630868,4.620218052,4.668633014,3.781365455,3.831599769,71.58438147,70.16631773,139.6754428,118.739243,162.7353952,168.9919403,168.9063217,110.2897126,-7.97754468
1.842472952,11.77822772,28.89930448,85488.33897,25.64098967,6.48448626,1.251601534,32.44400933,4.621147642,4.670097323,3.756243697,3.795938709,73.08634141,67.40509316,148.4061886,116.7241535,165.0960534,175.1884946,172.618116,91.6201416,-8.026721933
1.841483389,11.47934329,29.64537471,85491.78858,25.90981543,6.266567729,1.251280733,27.03765193,4.622080353,4.67043873,3.757804756,3.794595383,75.00229,66.65072304,131.6868364,110.7173246,171.4120265,178.8531834,171.1197298,102.3254363,-5.535518927
1.841391036,11.33922978,30.03771767,84997.35642,25.82603501,6.629696725,1.251543536,25.4529284,4.608836593,4.657349313,3.771379644,3.78716033,74.69088126,69.95004131,111.0754101,107.2650829,178.7448482,179.9086749,180.7591504,99.4879155,-5.060623867
1.841071337,11.24007211,30.275846,84853.52842,25.43991096,5.848669935,1.258412894,23.7462136,4.620454867,4.669187918,3.845109672,3.816647011,75.46608375,76.06316672,107.5128048,101.6032136,172.6180373,184.2829684,178.2805487,110.7773152,-2.7956862
1.842990296,11.30034729,30.42824566,85701.09707,26.46800864,6.568896488,1.249334947,26.19895687,4.622911463,4.671332085,3.871405971,3.858716743,77.09225868,75.06162885,101.3301817,112.5558203,188.5599243,195.4288911,175.9958394,88.22023991,-4.345071867
1.842306704,11.18115849,30.60517596,84263.78863,24.97554435,5.779060556,1.26139018,25.5784394,4.62699635,4.675581151,3.872571202,3.862076685,70.62338966,71.89135403,109.5981483,111.2742748,173.9323136,200.1948389,175.2481121,79.44685589,-3.5905867
1.840561566,11.02612828,30.67920917,85161.80259,24.83067111,6.223453038,1.251532216,23.77553847,4.626257231,4.675031141,3.919254089,3.882782253,72.17272814,69.75628278,91.33277367,107.0261476,184.9637923,207.8349619,170.7799509,93.0453744,-6.106089087
1.838892609,10.99796292,30.33507082,82652.89912,24.06736065,5.677434596,1.251359136,23.3168956,4.606955467,4.655881551,3.868540409,3.770928683,72.36541505,70.54914658,69.7847933,87.33881687,202.0570955,245.4721157,152.0147555,69.28640385,-9.2659629
1.839263077,11.08603968,30.02709353,84040.13785,23.75873869,5.970909938,1.250502068,23.8189392,4.601202473,4.650696857,3.932168346,3.809561909,72.76434271,68.89562054,60.17329724,88.07676055,214.8773843,254.1526699,150.8354421,69.5339803,-12.19599953
1.842872829,11.33925179,29.90842186,84944.73282,23.36769671,6.063851233,1.258713869,23.80720913,4.606600926,4.655947389,3.946803224,3.799743411,72.4672816,70.44896482,75.15764185,84.90313184,188.8099987,259.4903409,160.28494,80.75306532,-11.09557933
1.844542667,11.52248339,29.58316556,83333.70009,23.99829997,6.202566145,1.267229755,24.8288936,4.617494374,4.666694225,3.92773941,3.761259137,71.58190013,69.7840608,94.16871067,93.06190585,165.7471818,222.9970328,164.2245274,97.20157225,-12.28568813
1.845735635,11.67656274,29.09633084,83240.45497,23.12571753,5.707706392,1.258528936,27.5760588,4.623402502,4.672869948,3.912039415,3.808615342,72.16772903,66.03450973,129.746503,104.0082641,155.4507072,198.7600612,159.6447268,96.01411608,-12.36232907
1.845002577,11.6006134,29.1646366,84709.79063,25.2149271,6.83116949,1.258834774,24.81598987,4.60601059,4.655605688,3.972132933,3.824103459,70.80294,63.15103327,148.4162459,77.10373479,160.7564399,205.8410004,173.2258799,96.63364717,-6.0185237
1.84178866,11.00302835,27.78313402,83604.35764,25.72276822,6.47644649,1.258810358,23.01895327,4.604241056,4.653738999,4.014801025,3.832534892,71.99201873,64.07337152,168.3591807,105.030669,160.2881289,181.8374868,156.8363904,82.51605,-0.386833325
1.839770619,10.79195619,28.00141753,86019.55413,25.99089093,6.814013877,1.241346286,23.37319933,4.617653937,4.666705555,3.933758244,3.895833931,70.40222748,65.85857392,171.2754241,159.2988511,152.8119114,146.0845208,129.8627322,119.9122176,-5.617839247
1.837938144,10.63745103,28.10313402,88669.3715,25.50656642,7.360377342,1.251538815,22.23069767,4.623289742,4.672246676,3.908036156,3.872217182,71.02800336,65.31788204,181.8942937,160.4394819,153.697496,146.1840967,138.215487,127.1290964,-10.241666
1.837656613,10.53050271,28.32904099,88645.77656,26.02326571,7.420841968,1.241268098,24.06996227,4.618080736,4.666673413,3.924615961,3.813697982,71.19254451,65.67543491,189.5250736,128.9591734,159.2462578,160.0030383,160.6344824,110.5674264,-15.0595002
1.838546392,10.46954639,28.64678351,88054.79599,22.96486446,6.800775145,1.254220915,30.3173598,4.607302861,4.656392123,3.971762608,3.830543234,75.27188577,71.15529701,153.4695627,109.8495221,164.1645768,179.1846244,167.5761581,121.5588931,-21.512243
1.838018041,10.26949485,29.13979897,85607.90107,24.4592154,6.907037392,1.245040108,24.21424047,4.607119834,4.655893174,4.037177879,3.85266582,76.53707447,72.1472601,121.9450423,91.47962252,165.2455019,180.6344377,188.099283,118.1433296,-19.668081
1.836260309,9.646695876,28.24153093,84082.24891,25.09744887,6.045034982,1.248718699,25.5854778,4.605892597,4.654714385,4.071513552,3.887338254,74.99626446,74.36914705,75.87183166,83.00033038,197.3425421,227.3456797,185.1531359,72.51792555,-21.7576288
1.837951031,9.624208763,28.68119588,85234.67278,24.42039071,6.400651732,1.25151562,25.06231993,4.616201898,4.665261595,4.087059636,3.896692403,74.99783739,71.73597353,95.39674237,96.98630044,184.5817345,212.5651114,174.6797108,92.18467352,-19.880066
1.83682732,9.45514433,29.03143814,84978.21522,25.24809505,5.54910477,1.248733128,26.34323573,4.622513641,4.671186762,4.032290779,3.877164505,74.99926719,72.91152963,79.0636728,91.15233537,186.9963437,240.1051381,164.347153,88.91454387,-20.1964658
1.835858247,9.285770619,29.36528866,82863.0697,25.56853223,5.994474683,1.255471778,24.51452847,4.599029069,4.648167579,3.884778337,3.789166431,77.09637102,73.95745253,67.63931221,83.21860755,172.0020248,225.7393094,173.6737048,105.4463772,-13.67475627
1.835801546,9.236724227,29.47812371,84167.84688,26.04409915,7.219819078,1.254070869,22.9063452,4.60025875,4.649131531,3.901234388,3.8210089,77.05856583,78.11487587,97.3955843,68.83975049,170.6117114,218.9066151,185.7450964,104.9843634,-5.824914293
1.835400877,9.217354988,29.41630317,83435.17158,25.03742564,6.593523814,1.303479475,22.45591373,4.604110754,4.653118853,3.919166001,3.858522989,77.86959848,80.20474718,118.5916442,92.60351297,167.6862883,198.2605283,186.5106087,79.79533625,-3.990337
1.837232303,9.282090468,29.52812165,83812.39896,23.48380344,7.172635267,1.30040312,26.55789427,4.599006683,4.647693806,3.881693626,3.847179286,75.20291722,75.15969629,136.0702445,108.0147489,169.439979,176.9648955,182.6867544,77.43922049,-0.833568153
1.833059278,8.691610825,27.96164433,84633.79353,25.31511848,7.475423764,1.303843323,24.09224893,4.599049855,4.647576775,3.886616073,3.846367442,75.52265189,76.60910858,145.8605726,104.9849745,179.7375807,179.244727,178.170152,72.65651416,0.243979748
1.833304976,8.688953338,27.92608404,84773.96911,23.42077958,7.737068881,1.29058548,26.5203586,4.598283338,4.647043882,3.794263853,3.768184524,74.09133784,77.53881876,125.6272383,112.0136004,190.6546192,172.0685,165.7845275,91.83222984,-2.254467
1.835384219,8.777908716,27.97991748,84314.0847,23.73269317,7.837968136,1.303490754,25.5127514,4.598001224,4.646400619,3.866944597,3.794476934,74.27774307,84.60617202,118.6875521,114.604557,183.2164507,177.8455162,174.3771636,83.28108454,-2.385577587
1.836261923,8.852358855,27.96052591,83475.74975,23.42218083,7.420812846,1.297774041,24.7608586,4.6006821,4.649186208,3.726739498,3.737219697,74.68987678,82.96226675,116.5137815,104.9131939,185.5711847,195.1955171,167.18565,74.00167673,-4.194796293
1.83942229,9.009895194,28.10489775,85685.49567,23.80520053,7.446716768,1.27204913,23.4682132,4.599368816,4.647817521,3.839974836,3.777639163,76.68691,78.11829463,100.5820816,112.0937497,177.0586087,211.3931014,164.8886065,95.90863654,-4.4560413
1.838517277,8.995714286,27.96088706,88812.04243,24.90535147,8.430592972,1.310519127,25.75204333,4.590966763,4.640221287,3.893711619,3.810384199,72.92401857,77.55826286,95.56304515,105.8819479,190.8768677,240.4791968,165.1446125,93.6282502,-9.1721312
1.838883733,9.051760763,27.89652488,86923.22359,24.61880095,7.574240062,1.300800892,24.4066128,4.584117235,4.633544082,3.904528497,3.804944189,75.58824,79.1346293,82.45424896,88.8400384,192.6655027,237.6154455,165.6458621,103.2816622,-6.990281773
1.839726663,9.125069624,27.87486333,86771.1746,24.17428667,7.732460269,1.290540792,24.00896573,4.598525332,4.646879934,3.856471605,3.803776924,76.81606592,73.0710108,99.06983098,88.78050111,192.5438774,226.1146061,176.5209764,89.13779856,-6.712841353
1.841155533,9.196087181,27.89873614,85066.84696,23.58957931,7.39062187,1.299071773,23.61249153,4.601410568,4.649926425,3.808599824,3.820527113,76.34801208,75.49336876,92.89688954,108.8003426,197.2445515,221.0786066,175.6858941,58.45410052,-11.06249487
1.841975245,9.2528623,27.89666323,85791.66067,24.54132379,7.952769488,1.303855507,24.8359306,4.605516967,4.654100878,3.736429703,3.804140084,74.69554026,73.66237044,98.20981519,112.8530667,187.2088312,219.3194677,177.8568658,67.16482271,-13.517897
1.842031975,9.270448685,27.8793605,88193.95578,25.33062464,9.133772426,1.297883713,22.2553306,4.605631506,4.654493593,3.837707297,3.84754154,75.97068726,78.56753334,88.91360838,99.93749065,196.9604,219.135018,197.8528203,81.50926208,-14.8661116
1.846814547,9.460575187,28.29807583,86625.99802,24.02053796,6.941764797,1.29922978,22.4054746,4.597903178,4.646824017,3.937175184,3.847946806,74.18107084,78.30153319,90.36662045,94.26958959,193.3422522,221.1802305,197.7634951,72.29533572,-14.657287
1.847592163,9.528687806,28.36489817,86691.98939,22.79961431,6.581743767,1.303824065,28.83703413,4.587338243,4.636546271,3.93718059,3.795860467,73.32645754,71.57251811,81.34197416,77.04936445,170.8497993,236.5813701,212.462522,89.68979769,-14.284579
1.86232852,12.03904074,26.76468283,87654.45124,23.12406551,5.65556595,1.303155685,27.111551,4.588992198,4.638194481,3.995518637,3.848302599,74.71148718,66.12874739,80.22600594,114.6227886,192.7047994,234.4141553,173.6345055,81.82791833,-19.38873367
1.863054911,12.10462233,26.82785254,89327.75839,24.13655491,5.734807402,1.297538353,24.57552453,4.58535372,4.63442039,3.960287267,3.881616299,72.91462751,70.25285768,123.1991738,135.1635365,189.1286352,209.3191274,154.3973467,91.08129617,-25.4619504
1.864798865,12.19289582,27.02074265,91207.38803,23.78983837,6.200072103,1.308595158,25.5444226,4.585278011,4.634346426,3.952851365,3.821045292,73.9718574,66.13863444,160.8161024,143.0051534,184.8938768,178.8661159,144.559383,116.0068431,-26.27868587
1.865405057,12.23883901,27.126984,89829.69445,23.02579963,6.611820816,1.299822738,26.55320273,4.585014699,4.634056896,4.067093374,3.779883338,75.58824,79.53044607,165.3462694,135.7986068,161.3172506,172.7744026,139.5251688,141.1882469,-24.623428
1.863572462,10.49820075,29.92744287,89882.34277,24.4461317,6.591822752,1.295762417,24.9978048,4.599790159,4.648191346,3.675673594,3.819083902,75.82810543,81.83560595,180.635299,127.7560584,137.9608013,177.6466678,149.8069951,145.3793462,-19.770502
1.864736842,10.66859456,29.74368999,89330.18281,24.00802921,5.405890099,1.294696355,24.70807373,4.604346481,4.653078441,3.671583006,3.823028902,76.50287641,77.72134296,180.950767,127.6897804,127.342921,181.181446,144.0631914,152.4655904,-15.8721342
1.86892008,10.9937611,29.75401891,90762.85429,25.22070307,5.920661842,1.287939634,22.94270807,4.604780672,4.653209174,3.677458669,3.816864748,77.09628786,81.09661869,185.0535548,153.545629,129.7831992,170.094101,141.0508368,149.2190297,-14.747644
1.873335038,12.97962916,26.79943223,90172.35163,25.27584963,5.66856587,1.300505275,27.20069853,4.604042283,4.65219216,3.665936064,3.79962071,69.73100384,81.26875818,170.6821663,144.0457682,137.2096245,175.2536396,141.5404572,151.3035099,-11.05441931
1.886889347,15.45981945,24.84055197,89885.77702,25.32828429,6.018070441,1.299523379,25.66289593,4.597810469,4.646131742,3.704758584,3.825893126,68.95128234,76.53045398,168.4887503,140.2448369,145.5178174,175.8808748,145.4859841,141.3209416,-4.982210353
1.887768318,15.52064757,24.80896543,86256.254,24.66217014,6.10028699,1.290409664,25.09750987,4.51702084,4.565876381,3.673325748,3.783543764,76.67937895,75.74195756,121.2014932,140.5170302,189.3163723,186.8434034,152.5494989,81.28472845,-3.855850567
1.891063226,16.03077677,26.41572387,82852.94491,24.04130491,5.880581962,1.294324622,27.6112492,4.459406135,4.508707553,3.670299668,3.735472267,75.58824,77.49384594,84.22311421,129.6482751,202.6669857,210.0254747,130.0448913,74.14660795,-4.51790766
1.889982639,14.53420139,29.27736979,84057.27785,23.89877211,6.159762168,1.297588958,26.44059487,4.459158963,4.508398234,3.637501842,3.721383784,75.58824,78.16484952,85.82006161,124.5260196,204.7954314,219.9970162,125.7619873,82.13491333,-1.152307645
1.89156447,14.60125215,29.41447564,85849.25513,24.90996824,6.628380496,1.303525427,25.266421,4.46095421,4.51043736,3.670343068,3.746896664,75.58824,75.05799074,87.45067917,129.1121768,217.9177907,225.0585055,120.6242548,80.7993127,-0.076371953
1.889852941,14.34112168,29.93563437,85503.5325,23.9783816,6.291559373,1.297727124,25.28284367,4.451040026,4.500417365,3.70899419,3.748921891,73.63057034,74.25067869,125.8751418,145.7964091,195.5962267,197.9189046,111.9764999,88.0019188,0.867500671
1.88890625,14.20632523,30.20090567,83967.67802,24.94964156,7.170801045,1.29774936,26.89806453,4.45781567,4.506618181,3.664545802,3.683321981,73.11802274,78.22480305,147.6537116,146.7469228,176.4247618,173.6272249,124.4402729,85.58246588,-0.930447497
1.88840324,14.20087648,30.10838878,83305.82027,22.54393301,6.417013376,1.294754525,26.65173467,4.459233031,4.50845312,3.687846513,3.699296605,69.52562487,72.80897697,148.2961255,150.74404,167.458973,165.9809263,127.0113835,88.69124771,-0.066258766
1.888460648,14.21610243,30.05922454,83545.02324,22.73456998,6.81474712,1.29775164,27.10803187,4.459959508,4.509161676,3.723264398,3.739446152,70.43672,77.68529134,143.9796819,151.1514562,164.1311713,158.1430527,120.8347559,111.5905052,-0.819287
1.888602835,14.23487417,30.01850448,81261.25572,21.89654337,5.965583905,1.294199388,24.25646887,4.460625945,4.509757296,3.671651663,3.718906829,72.13703295,77.01424541,121.4477743,149.1505338,173.9435342,173.3059088,137.025911,67.65512228,-4.459490847
1.888098958,14.22980324,29.91944444,80711.17887,21.29287325,6.033173856,1.303387317,24.11688167,4.456493691,4.505850925,3.669152024,3.710996695,70.98392283,72.29603193,109.3136821,133.0638136,177.6540434,202.1838238,141.6681052,51.03087032,-7.3317647
1.88822576,14.24856151,29.87911143,81191.58094,21.40347753,5.717907398,1.299950486,24.6517696,4.464757682,4.513792844,3.686059046,3.73515322,71.06214727,77.11047567,104.7351616,122.9608516,165.4842703,176.0282293,170.5020407,79.02461074,-7.778292
1.901982634,16.88608973,27.96391606,81948.46629,23.66601725,6.282978111,1.297754143,24.62361733,4.464904894,4.513777096,3.620629445,3.725814011,71.3889,72.73179354,101.2468194,114.8779573,171.7104042,180.0055598,165.719222,91.85618147,-6.783828947
1.901843705,16.84731114,28.06388133,83421.57322,23.62082764,6.668177537,1.297546803,24.3620388,4.464132534,4.513530733,3.699616667,3.738074795,71.39261049,74.42471927,103.6185219,108.9455502,163.3782514,180.0557181,173.3359315,111.0299365,-5.4054515
1.901759259,16.8105816,28.16727431,83987.22851,23.54264065,6.5009031,1.297818331,25.041205,4.462609976,4.511856584,3.752115325,3.712098858,71.3915797,75.12815984,120.3912027,121.8245308,158.1635896,177.1627767,159.8660769,111.8722211,-5.304301073
1.901015919,16.7465152,28.22429233,86823.74552,22.7169821,5.906107332,1.300448053,24.91686767,4.462862552,4.511964082,3.707013035,3.709844258,75.13847403,80.63441892,157.2561501,110.4119736,182.7825389,184.5980448,180.6140265,68.90590387,-2.239996597
1.900379161,16.77934009,28.03705355,85766.21362,24.49569387,6.232352047,1.304025232,22.91221033,4.478498267,4.52744002,3.661122089,3.732262816,75.29929038,84.57210529,164.3874378,108.43815,178.971915,188.7962933,178.0502777,56.90172799,1.430003225
1.913667149,19.58334298,25.5836411,84455.73594,22.83720749,5.545580301,1.294236139,25.29105453,4.481320523,4.530620452,3.639244834,3.721890693,74.53548897,80.98363833,159.4808639,117.1451692,176.6416198,177.1955795,156.197175,75.23210832,6.73230496
1.912944412,19.71038506,25.08820498,84504.14022,24.45777745,6.704663809,1.304054013,21.79199533,4.436450986,4.485726106,3.665388501,3.718414834,73.70417842,76.6083071,171.1725467,130.3763933,181.1139916,175.3923489,149.3984968,57.03530036,8.773220733
1.913689794,19.88288131,24.68728211,82397.04468,21.25371001,6.184235684,1.300405428,26.0699266,4.418052158,4.468452382,3.604665067,3.683295017,75.19325526,75.50029263,135.8365648,170.137514,177.4533894,151.1025292,116.6919298,85.43783449,7.618042187
1.912310118,19.96888793,24.19931786,82736.24412,21.19951718,6.170097351,1.303827683,28.42061927,4.433883315,4.483653442,3.590693862,3.659946042,74.60440569,72.91200729,150.6814845,176.3443983,176.50323,166.0528863,94.19179127,79.16595266,9.897105267
1.910326968,20.0641088,23.59389757,83241.01816,20.65694876,6.125100101,1.304094738,29.85402533,4.440548614,4.489502849,3.542933078,3.658596995,73.85313435,74.85324054,161.8598003,190.5209857,174.6454124,162.8878482,90.43549147,69.7278602,7.726860753
1.909539931,20.17429398,23.14922164,84113.88213,20.6995969,5.976723868,1.302947235,24.90513773,4.440858473,4.489851468,3.555628171,3.675696993,73.80097701,72.66908606,159.3576162,174.1448992,163.0276387,160.34461,99.03714999,102.3295379,8.110644667
1.90878437,20.35654993,22.47302171,83052.82358,21.29898065,6.345861265,1.290625362,25.89749613,4.438578026,4.48796134,3.610453635,3.708428417,71.51845387,70.70569111,159.7647894,168.5902985,174.7322203,160.449491,106.6670018,77.55747856,5.644844947
1.907815394,20.42749421,22.08319444,83480.80044,21.71399075,6.682893561,1.30109022,24.486377,4.438769535,4.487891409,3.51874518,3.688998721,70.78304038,71.57097113,167.2401428,174.5648726,168.6887087,163.9853128,106.5215916,72.557658,-1.34070068
1.91108945,20.28479358,22.99755734,83157.88554,21.11105999,6.71232131,1.303203717,24.00779253,4.429748824,4.479226858,3.54202648,3.669754886,70.35663396,72.39708544,168.7018095,170.7206442,168.4487682,163.4823725,106.809654,72.43141646,-7.343804
1.909858177,20.27608394,22.8122055,82636.26145,20.34830698,5.562773891,1.306157827,25.980779,4.434049032,4.483410164,3.684574313,3.693388674,70.06166266,76.77713617,167.2159734,149.3051049,164.6403868,170.1805292,125.9904241,68.10799205,-13.4483602
1.90995369,20.29235311,22.76919247,83054.44224,20.61978305,5.811614343,1.297652181,26.451152,4.438147291,4.48715326,3.506033008,3.696934607,71.3889,73.3237015,165.5093678,140.0738543,150.7356349,171.1050765,148.2436609,73.54461397,-17.154663
1.909861031,20.27384771,22.81762305,83683.11701,20.47607477,5.956896585,1.30494975,26.47813067,4.435859288,4.485032108,3.549296139,3.700869888,72.46750717,78.09252576,165.3791288,133.9209618,128.8667485,169.6791781,151.9179245,105.4467934,-20.21071233
1.910272069,20.34861071,22.67578003,84895.17606,20.2107756,6.497074425,1.294656157,28.25405307,4.437348497,4.486175633,3.744660327,3.708902823,72.59917484,77.09057764,164.4544581,130.2708332,127.586388,167.5974551,155.6440691,121.3606782,-23.14626133
1.910272069,20.34861071,22.67578003,85547.24779,19.87269431,6.983347813,1.306820994,24.39840147,4.423389968,4.473173912,3.856622602,3.689649133,74.782555,79.08306052,168.0623067,135.2854253,128.3444755,156.3702926,158.0045949,127.8713643,-23.3010134
1.910272069,20.34861071,22.67578003,86516.2348,20.95281937,7.419859963,1.303714456,24.20837553,4.411647023,4.461836203,3.852777085,3.67351219,73.07352,78.83581071,181.3565348,138.752361,127.1315825,151.444716,157.9179856,129.7847685,-24.48025953
1.910718008,20.42405906,22.53619861,84216.04945,20.20136236,7.263388045,1.300591752,27.11155027,4.415822674,4.466014042,3.824596621,3.622321911,73.35840414,79.02596698,185.3856786,113.0363817,115.2668758,156.9091386,152.2956536,141.5539209,-22.6420356
1.910718008,20.42405906,22.53619861,83952.15048,20.2289876,6.826118657,1.302358321,26.52739693,4.415222512,4.465359411,3.879814156,3.667691138,71.82964681,76.30024632,186.5140062,109.6077475,113.3321268,155.3737837,135.3551795,161.9727035,-22.2505386
1.911036479,20.48033295,22.44275912,84680.14936,19.75941308,7.081655779,1.303679367,25.26055713,4.410575771,4.46129455,3.854120323,3.616022596,69.40891548,78.61254258,198.1503247,125.2046566,83.77982012,139.0554463,125.203401,200.1637645,-15.20059413
1.911036479,20.48033295,22.44275912,85748.68638,20.35283051,7.897782286,1.297467278,27.25231093,4.396462561,4.447433949,3.784978842,3.624459613,70.99826,77.88276061,192.1488762,136.5379141,89.04378643,142.2203224,138.0616698,182.9449001,-12.00750987
1.911036479,20.48033295,22.44275912,85788.53703,20.78634338,6.624563528,1.29143495,24.63886687,4.420081622,4.469640477,3.611433153,3.67013342,67.40260765,80.92258574,195.3145329,130.0491053,101.0469323,148.4470043,147.9427376,159.0794242,-8.45712142
1.911354951,20.53660683,22.34931963,86732.77656,18.54727546,6.532881691,1.299466027,21.22191747,4.429025604,4.478215812,3.632957883,3.711544854,71.97341415,75.37921176,189.5241069,136.6235403,133.2830196,161.0024432,139.6868805,129.8322019,-8.170190033
1.912827786,20.59781187,22.34502171,87697.5334,20.10705817,6.537453766,1.295318231,29.77660807,4.44577456,4.494521395,3.545791701,3.71398317,70.92806316,65.45538729,184.1824583,155.9641222,145.2956925,154.043318,127.7649555,131.1664491,-4.061405593
1.91588712,20.622,22.69771635,88104.30924,19.17231791,6.626962867,1.298019412,28.84055293,4.43924642,4.487639156,3.486449955,3.703361095,70.62736105,72.85743824,183.4358183,199.9588126,164.8339149,163.3918376,107.7030073,82.95010984,-7.792453227
1.918933486,20.59598337,23.22248567,88355.39877,19.08994903,6.73285734,1.29981421,28.6329332,4.428051862,4.476802764,3.449794723,3.675789941,70.41648483,69.11549486,195.14291,202.9403528,166.2988442,170.3558203,106.2939547,66.04846716,-13.8503806
1.906796673,17.86158015,25.65477775,87541.44475,18.26733447,6.27712534,1.291912677,26.35496627,4.440525624,4.489389671,3.554099232,3.694855208,73.32235004,69.20185942,176.5919086,154.7719302,167.0162884,176.8637704,124.570947,95.62079199,-10.67376687
1.908392236,17.90984647,25.64168888,87780.53189,19.15875938,6.42030501,1.304358825,27.15026,4.43905768,4.488263351,3.669589548,3.699621051,71.68943548,69.9487485,176.7787097,147.8072448,162.098822,180.0035288,141.3061894,89.93872553,-16.83422173
1.908221836,17.76426006,26.07987547,87147.53828,19.65290607,6.468499386,1.305788045,24.47464673,4.434686622,4.483811889,3.735026789,3.701269661,72.91434948,75.42882017,157.7642993,129.457076,138.53355,167.233948,151.5377017,143.3254475,-15.911568
1.90858343,17.72723928,26.28506083,85964.62762,18.55583666,6.440623924,1.302316652,26.23297407,4.438039612,4.486726867,3.779496391,3.673005749,71.73397517,72.8194992,144.6225727,125.1673592,132.4137684,155.3337806,156.4351346,159.6223767,-15.0490626
1.907710843,17.53293746,26.88865175,85414.18648,19.33540474,6.163481178,1.28739491,26.6951358,4.425824245,4.474831392,3.764128343,3.645549736,70.60762,74.76654664,166.917236,114.3917784,120.6459722,158.3960646,164.9808608,147.0371774,-12.311838
1.908017217,17.49434433,27.08757532,84931.04224,21.13074357,6.707617702,1.30035464,24.0781724,4.438933444,4.487816541,3.717725564,3.649599345,69.7228781,75.26688527,160.8655426,115.4542738,122.8120891,146.5112772,157.280054,163.5764745,-13.08935733
1.906117068,17.41598377,26.94114749,85853.62861,19.06505984,6.161144273,1.290069628,29.7883366,4.439890628,4.488520182,3.718780247,3.718826518,71.9183861,73.61642854,163.1198422,120.9509575,134.5549805,156.7148298,155.5225562,145.3120752,-8.463582787
1.904397451,17.24679606,27.17243048,85338.98653,20.26705099,5.76312398,1.300211537,25.86465147,4.437085256,4.485641932,3.584658774,3.692057031,71.96745303,70.97646969,169.6109477,149.8073772,131.0976968,129.2593888,133.9123271,158.5652302,-7.27926774
1.915932793,19.36582561,23.56913384,86567.12993,19.93126379,5.606926241,1.301862775,25.92799373,4.438497358,4.487716932,3.569741674,3.717169341,71.37048669,74.56828547,171.2260378,164.327841,132.8618762,117.1926946,131.4261231,167.5992906,-5.362812
1.914235226,19.19399479,23.81221031,84447.56419,20.28916025,5.138779769,1.299046308,25.84471073,4.417827805,4.467995858,3.54109338,3.653528001,72.65403956,75.77047034,169.3755153,139.6962169,121.6947859,128.9547122,131.1173851,172.8125621,-18.26110333
1.913405734,19.11602375,23.90814654,84428.94783,18.21726186,4.770184587,1.293481522,26.09455973,4.434386143,4.483079926,3.531557223,3.71928953,77.98106587,81.90552703,155.4025739,136.7691468,127.2429528,130.3118543,133.535289,177.2886625,-16.796955
1.899834926,16.86470316,27.54553721,83713.10351,15.64649213,4.551220804,1.302909207,24.14737907,4.433444665,4.482674709,3.480394729,3.711076558,75.87725288,76.03957013,154.1345979,138.1910308,137.1571305,138.0309124,136.7038202,149.0217614,-14.0881782
1.898994786,16.78431344,27.64547509,84123.99717,16.53968824,4.588442172,1.351361783,26.9344274,4.43996658,4.489030084,3.585557607,3.741183158,73.43160371,76.31271402,149.9919055,136.1743264,142.280759,147.5237706,143.7729572,136.6602192,-11.52093793
1.897456547,16.66834589,27.72986964,81005.36983,15.9081679,4.564412207,1.348389575,24.4289004,4.439840678,4.488840212,3.610371104,3.677251834,69.93192391,58.53320933,143.5379743,147.1528448,139.1584973,165.4857811,122.7492156,106.5169018,-13.50264133
1.895966387,16.555949,27.80933063,79811.00171,14.25018003,3.981092712,1.351523016,30.51442293,4.408262718,4.458936332,3.496301583,3.680146444,74.86753197,70.42570869,109.5384557,151.2763131,158.6076159,193.1547029,105.4102322,88.02725023,-12.1081778
1.882899974,15.35256655,26.99942104,79870.89681,13.97398024,4.225412025,1.350942421,28.17194313,4.431737421,4.481152946,3.443430789,3.704370233,71.34995412,71.01288169,75.97888063,102.8567261,165.8898542,219.4038303,143.4584105,92.29397098,-9.944214267
1.881826873,15.30189147,26.95396899,79994.39722,14.03169482,3.753741587,1.358270009,26.1062898,4.434456885,4.483870758,3.484724612,3.741726859,76.65346598,73.91407994,64.33108342,86.08366344,161.3973563,236.111459,161.6536655,89.22865962,-7.619489053
1.891413437,17.1718062,23.67246512,80208.41597,13.94528778,4.002441557,1.355457402,25.44002587,4.436297737,4.485788024,3.635483298,3.742450503,72.9748814,70.99875041,66.89853012,93.3592896,158.8159257,235.3007173,155.8694153,91.04619426,-6.80995422
1.910377261,18.63575969,24.72632041,80330.86794,16.01499772,4.267467724,1.348905265,27.995993,4.442997283,4.492190624,3.621665356,3.754113087,76.80956065,75.22899051,75.70308869,95.87956847,173.0314082,209.117437,160.3654687,90.04767816,-3.710998047
1.905477024,16.98948449,28.14192209,79701.60163,13.5036106,3.879959722,1.147927684,27.65699607,4.412184529,4.462371621,3.593946262,3.711013715,80.40572646,73.34756745,91.09072081,103.6892239,159.2981201,189.6879104,158.7390527,98.75913365,0.833292202
1.904775463,16.91747222,28.26676852,80121.05693,16.35404016,4.22875037,1.147510917,26.17549653,4.439243116,4.488462585,3.652934341,3.705788254,77.10965578,71.89552706,104.0555417,114.8140876,147.6028973,189.5356505,137.9777522,113.9508172,1.8018594
1.89677345,16.572204,27.85884162,81226.56433,16.04453311,4.414969658,1.154325955,25.62536127,4.443821147,4.493107478,3.595562878,3.690439092,77.98347781,72.21872934,128.0836125,143.1907165,142.2139448,177.4937494,114.9557844,117.8350114,2.0238452
1.893970018,16.47590333,27.59541225,81756.08972,15.53859704,3.958785181,1.153869075,27.91857587,4.439526445,4.488528113,3.630714206,3.675220476,76.83637152,70.69202401,154.1062656,162.386634,160.9023602,139.2869342,107.1802737,110.2468465,5.48738964
1.892946498,16.43911347,27.50522874,82369.20633,13.55389179,4.103336899,1.15455875,25.7719844,4.400136944,4.449314887,3.737135282,3.656069805,76.3768945,71.19867809,164.0703252,160.918204,161.9302789,138.9123781,105.6873496,110.4496046,8.597508993
1.891153051,16.35150724,27.43997156,78655.20964,13.75785675,3.763488272,1.15405192,26.80246554,4.245385662,4.296258779,3.609537191,3.502622294,79.78791777,71.60895563,155.2167532,163.5432987,152.3404356,139.6221517,94.87521172,98.05067929,9.430986867
1.89115355,16.31303256,27.5919354,79129.36008,13.90853258,3.743934129,1.162222159,27.83294667,4.244249106,4.294693512,3.521608103,3.528973851,82.40074339,69.82351521,163.783436,167.5341657,170.1290201,140.2184113,82.83073661,85.56892111,7.06510288
1.889410559,16.23958483,27.49144029,80347.28527,14.3198009,3.953141603,1.145586839,28.3725262,4.242724146,4.293434125,3.455111537,3.503030092,78.59945466,71.88055234,180.7277453,179.8068635,178.258245,146.8075492,67.56101586,72.37351861,5.85043956
1.899015249,18.12086844,24.15599897,81838.43275,15.82266801,4.226942157,1.147991143,25.74852467,4.245657534,4.296558403,3.582312857,3.538688303,78.29346628,72.99161866,179.6969451,184.1625728,182.627067,160.6241155,66.31509527,66.62908551,5.823257773
1.8988909,18.10510083,24.19086608,81353.6506,14.60201271,4.35450192,1.160025261,26.057024,4.239343579,4.290463078,3.488736548,3.465709891,76.44175747,71.83311587,173.0007104,185.6360694,177.4007831,165.6288336,64.84346126,67.33586543,2.5562461
1.90574895,18.25728418,24.91301913,82212.30049,14.82124003,4.291373813,1.145760058,27.66637953,4.225959043,4.276055038,3.412799533,3.51378568,78.2855916,74.03574898,175.5782741,175.4762186,168.9156368,184.012778,66.77531302,72.02010144,0.3148739
1.905671955,18.24416939,24.94769249,81603.85299,14.13129177,4.062575857,1.160295061,26.11098147,4.239981074,4.290045148,3.405108198,3.509348429,79.48612407,72.37859801,172.9108579,166.6029511,168.5519132,187.1376075,73.05015984,68.02502068,-6.309640913
1.905510966,18.21674755,25.02019132,81448.87353,14.39247294,4.221180961,1.14868152,27.9244402,4.244919877,4.295385567,3.385195055,3.501353037,78.7216524,71.15822818,171.9590196,162.2056858,155.3703469,208.4989856,73.39325207,63.04928325,-11.59453673
1.9059986,18.22277881,25.1009846,80519.06397,15.89599772,4.099312249,1.152018433,26.92504373,4.24084715,4.291107285,3.359831994,3.478503708,78.55419939,65.81183651,151.4100037,144.4986447,168.419841,208.6597745,84.40553504,63.93293022,-15.28781157
1.900219752,18.06762927,24.62125905,82415.59708,17.06062458,4.421337715,1.154502344,25.2335776,4.238971479,4.289645973,3.376830013,3.499880639,78.34575083,68.31338419,143.4361455,112.1348541,156.5992158,207.1267441,116.70278,102.2152786,-19.31839267
1.889860393,16.14892968,27.92335832,83283.07714,18.53561045,4.680928817,1.154625615,28.46519287,4.234024295,4.284877246,3.395847804,3.483636554,75.74592373,65.82535398,135.0160819,87.59531055,146.6450587,198.0006372,174.6015297,103.3234657,-21.2689944
1.890400724,16.15561272,28.01288263,83112.89256,18.19499492,4.478539649,1.154612659,25.6464738,4.24070047,4.291125757,3.362622752,3.505619291,78.54980655,69.17425974,162.7220248,68.9863131,143.4105924,182.7396599,180.9451973,110.3428013,-23.8513666
1.891497285,16.16916731,28.19406775,82405.5963,18.32144169,4.843124586,1.154271457,25.75204413,4.240435504,4.291193095,3.358051715,3.489779885,80.10730462,70.27246112,163.7530133,83.97997725,112.81012,162.6758101,172.3584173,146.6208856,-25.5186392
1.891985522,16.16173733,28.32801448,82305.65194,18.91337716,4.813443,1.15423664,25.21011753,4.239759986,4.290236408,3.449891284,3.546425249,80.06775953,72.90049792,157.5492682,89.79549001,119.1209331,151.9207104,160.1135661,161.7630242,-26.3642226
1.892432782,16.15256722,28.45945191,81506.32579,18.78481016,4.503956432,1.145764476,25.54676853,4.239084863,4.289767703,3.539831775,3.53387218,80.08394065,73.38786581,164.7780929,97.32710133,95.93181451,141.1673971,160.0693508,174.3091106,-26.465025
1.893659167,16.1805534,28.61436773,82091.55658,18.01575007,4.427400574,1.14890433,29.06342327,4.244459275,4.294892936,3.564169718,3.51602052,77.59190688,72.24856884,158.0326466,96.19334063,91.01780253,141.4391831,158.985625,192.4003904,-24.32178887
1.894138645,16.17421366,28.74113037,83101.58864,19.93636851,5.05766807,1.145660607,25.4752162,4.2663015,4.316558232,3.473973563,3.480544747,76.10095,74.68540133,168.7760951,99.73202807,96.66673996,140.7037337,159.8807782,184.1769801,-22.87405527
1.895764103,16.19361795,29.03101026,84095.08816,20.52260202,4.842791012,1.147692716,24.68226773,4.263429886,4.313467413,3.46634871,3.521357151,76.25718692,76.71455395,176.5908942,109.6079308,104.6775487,137.53002,156.0507645,177.0771951,-21.4014354
1.896835897,16.20687436,29.20858974,82958.46229,20.29470709,4.949107519,1.148694977,25.1127582,4.262486809,4.312983342,3.35119912,3.449495155,75.3225308,72.51275242,171.5316653,111.0399705,101.6917719,144.3488967,154.0972365,166.6380116,-17.43112907
1.903597945,16.56504086,29.2804763,84045.56227,20.18159414,4.929780433,1.154398785,25.2840166,4.265373026,4.315831854,3.353497348,3.472324282,75.31034977,77.12448077,167.8145375,112.1045276,102.6505786,156.0038042,151.568466,169.13506,-15.9610354
1.90416297,16.58420033,29.32662853,82106.06796,18.06141694,5.130684931,1.151944491,26.28341313,4.250295159,4.301178959,3.353246745,3.446483077,78.21258479,63.79044446,144.8076556,129.0019924,114.3460453,151.8542524,150.4178138,145.2414716,-13.35939713
1.905319795,16.62279178,29.42406629,83139.15323,18.94203222,5.325625461,1.150653385,24.8570446,4.259300633,4.310044673,3.519880175,3.544680881,74.8771974,68.21033785,132.9265006,132.7725755,143.891068,161.5089641,137.8308056,134.4049709,-9.062258587
1.906807968,16.65245078,29.64208246,84066.62755,20.16118029,6.160737714,1.154273706,24.72214973,4.267436423,4.317528513,3.549260471,3.584047523,74.84075758,73.48741437,122.6643899,133.4490259,163.5354735,175.5413113,142.6245935,112.8003453,-5.563482307
1.9007,16.33387179,29.50101282,82226.0808,16.10386342,5.004836695,1.251604258,17.97622573,4.264525615,4.315509608,3.50874898,3.476494496,73.28117483,69.53668817,139.5660292,138.4704223,149.9245432,157.0422629,138.8994177,111.9313702,-8.640809267
1.901109387,16.34471942,29.28597879,82570.89929,15.736222,4.551184973,1.24672574,26.34440853,4.272835423,4.323311652,3.549842763,3.490794091,74.94779152,66.79032032,139.7435238,146.6390456,138.5995433,133.5542711,131.705192,149.0996671,-0.94588853
1.901906363,16.35171236,29.22869891,83518.2065,19.45963129,5.141057698,1.260962381,25.477562,4.264453059,4.314814637,3.581221483,3.485352668,74.63277555,69.21831358,146.4732864,166.9884264,148.676842,146.6879934,139.7082314,101.20584,2.70686832
1.902677186,16.35714951,29.17249353,83277.19407,17.52922392,5.36323165,1.239133127,28.74554013,4.271515197,4.321666309,3.486545659,3.479297588,75.8072817,73.45756069,134.3758598,174.1215478,172.7487648,171.5062704,148.8643714,43.41299914,3.079227513
1.90414489,16.38147477,29.14852523,85494.03181,16.30046451,4.82621419,1.24704781,26.22358927,4.275709202,4.325864279,3.462489048,3.597115042,77.70250264,82.75853503,142.7684932,169.4979533,170.7394078,192.4528381,127.6752814,65.48241626,5.1557927
1.894125259,14.47697464,32.26512422,83670.9256,19.32381248,5.254939766,1.253305993,25.75556287,4.27547238,4.325557833,3.526900183,3.581779449,77.70449029,84.71998343,139.2551715,162.953574,168.2480828,190.612045,127.2554427,61.39367717,6.4304661
1.89489648,14.4824146,32.20888975,82515.06547,20.42601421,6.01733968,1.247002689,24.57669793,4.268427941,4.31935472,3.421743072,3.578008098,77.8908813,82.47464959,115.2145042,152.0330632,163.7786408,208.6080822,125.4008773,68.65084054,8.680346
1.895667702,14.48785455,32.15265528,81500.75794,20.80423866,5.809131925,1.246781491,23.24064993,4.240878192,4.29164801,3.379301895,3.538710995,77.1302315,85.02450275,117.8945354,148.2360066,153.8835301,215.2195325,114.1842689,74.90854639,10.71982723
1.897153209,14.51307712,32.12921584,80709.91804,21.42880827,6.180225155,1.244746537,22.98493647,4.255221749,4.306273434,3.419652293,3.50937412,72.27932373,75.47331377,108.2822689,144.4844932,154.8028672,214.8804361,115.3760695,76.76664838,11.26027007
1.897864907,14.52500518,32.11708851,79205.82276,20.40001642,5.707431823,1.250542511,24.39957487,4.259920653,4.310989005,3.470188089,3.511445356,71.10380671,75.99891478,110.1856542,149.9292059,157.7807553,213.7647872,108.2029208,60.28103641,10.03333587
1.901369048,15.0744617,33.5835559,79288.33128,19.89374183,6.203874699,1.253317953,24.54150767,4.265662588,4.316709741,3.511718659,3.491124373,75.16715359,74.75230466,107.9303514,153.0054507,158.7262987,210.6847638,111.1877169,58.92715044,7.42933358
1.899772257,14.59375,32.29630435,79068.95414,19.62142011,6.12504749,1.25069335,22.4594322,4.262478388,4.313395105,3.510983236,3.465861696,72.19068435,73.882996,112.0538035,149.0247631,163.417354,217.1500083,109.3371919,48.18714645,4.729953
1.900908385,14.64891822,32.4849146,80837.35164,20.21989828,6.221874908,1.255780095,23.8036906,4.247812239,4.298887805,3.516468633,3.466974319,74.42157686,73.17929671,112.6831572,161.5368015,168.2295302,207.2564083,109.2896257,57.66751971,-3.972097113
1.901418219,14.68284938,32.62236801,80572.8807,21.25734965,5.883779997,1.246861048,25.1420836,4.158513537,4.209840961,3.44485139,3.409705631,78.85722744,84.8743134,118.123751,151.1175457,164.8097747,208.8574091,108.3465602,63.92778982,-10.16799533
1.90198499,14.71871118,32.76447205,80315.72922,16.46508381,5.482590958,1.246892992,24.58256287,4.066462864,4.117811865,3.374928527,3.323015344,78.92273759,79.36625411,125.369518,153.3397438,150.7428406,184.7918339,94.14370612,105.6178348,-11.61619803
1.904140585,14.80018728,33.11407132,82861.17948,18.99597295,6.031888273,1.247057029,23.69342847,4.069976331,4.121103572,3.378322704,3.334594532,79.38530418,80.85989162,157.5522096,142.7706589,120.8267648,169.9139068,120.2526269,134.2283751,-13.1563248
1.914162148,16.70112058,29.93565453,82360.09778,20.00708596,5.262628395,1.249526656,23.3262796,4.068814231,4.11981488,3.376774299,3.337054397,78.23664207,81.14520768,185.7788719,149.6775089,107.1431973,122.1883583,118.4844851,162.9840286,-14.786093
1.913715691,16.71382444,29.98193682,80884.43993,16.6837713,4.944723849,1.242759593,25.35556967,4.063974641,4.115742321,3.318643543,3.280419313,76.12744682,73.87349435,197.1650521,151.0998157,102.6226048,102.8468058,116.3915174,163.9428364,-26.01469767
1.913599171,16.72652512,30.06827809,79907.19354,17.34792427,5.121055693,1.248264971,23.34387453,4.069623322,4.121153332,3.361861133,3.341459092,75.5984134,73.38074311,191.4489792,124.9340589,101.3149487,113.0052076,124.677023,167.9440818,-26.7387738
1.913482651,16.73922579,30.15461937,80894.12239,16.02271917,5.202471197,1.256277131,32.65632263,4.070745471,4.121994348,3.301939352,3.278283208,74.55818157,70.49750437,175.2254783,116.9291726,115.0165441,127.9075621,127.018138,167.8039813,-29.802726
1.914324949,16.75790811,30.40477926,82363.02091,17.51948633,5.118624848,1.250227618,34.65159522,4.069971068,4.121427524,3.365861602,3.317728247,72.9716771,71.58003214,184.7529519,118.2246369,116.8585376,119.9431674,128.5190949,177.8021918,-28.94450313
1.913278094,16.76152253,30.30619627,83131.15394,17.08059125,5.273869511,1.24564842,29.67221011,4.071892214,4.12339064,3.350935541,3.29858515,75.04839479,70.46826006,190.7896704,112.2817093,121.3449464,108.4734181,138.7576289,183.1673255,-27.5072748
1.913161574,16.7742232,30.39253755,82177.33822,15.96170168,4.935052657,1.249791064,24.692825,4.062524266,4.113978063,3.379219454,3.318414493,76.21709468,78.25890975,191.8963986,116.4291243,110.5092939,89.29182848,131.968073,205.5275253,-25.005173
1.913104609,16.78043242,30.43474883,82390.59769,16.96956992,5.224743404,1.247147355,25.36847253,4.071367292,4.122624454,3.366939095,3.327918212,77.96060225,81.6108303,204.9814776,114.7727259,104.901648,87.95455836,132.2494439,205.5552251,-20.907203
1.913104609,16.78043242,30.43474883,81373.04413,17.03217925,5.056519984,1.246797054,31.3888961,4.07345942,4.124754263,3.351751266,3.324035047,76.45983261,73.87180903,177.2173659,125.1589453,116.0811742,117.0381055,132.5274647,166.8996244,-24.53727307
1.913104609,16.78043242,30.43474883,81592.18039,16.17479704,4.810447816,1.247093717,33.28905862,4.076369863,4.127462579,3.367317081,3.354010438,74.07196271,69.4985889,180.2521838,120.3723591,110.1344169,112.6184839,134.1097571,180.1172885,-19.445674
1.913104609,16.78043242,30.43474883,79961.99543,17.2212194,4.783839865,1.253103888,35.18922114,4.071886305,4.12326908,3.332886242,3.313967488,74.83899603,70.84284754,184.1888102,134.6306938,108.6896867,107.9095082,123.9564963,163.1226654,-16.215907
1.913104609,16.78043242,30.43474883,77888.42067,17.55228784,4.853871605,1.247146052,32.9691226,4.051135035,4.102595531,3.336389186,3.310435553,74.13309081,72.320773,178.238506,132.995421,106.6390901,112.8732472,117.4407426,152.6851053,-12.99387107
1.913104609,16.78043242,30.43474883,77044.20982,16.16510587,4.505988993,1.246981116,30.74902407,4.060866767,4.111949795,3.357752798,3.327620173,80.92238606,79.74742433,179.4758097,131.6001453,105.4528705,124.4406987,108.4515586,143.4795237,-10.88664087
1.913104609,16.78043242,30.43474883,78372.95213,16.47901516,4.886939588,1.247037319,34.40526413,4.064377409,4.115747368,3.347171294,3.306370516,79.9332654,76.96612591,165.0834488,131.1749006,105.7449661,157.483765,112.8761291,130.6568369,-10.29284753
1.913104609,16.78043242,30.43474883,79890.20921,16.85516527,5.127272342,1.248661145,33.6850428,4.069638766,4.121145223,3.412539793,3.348443939,78.15262881,75.60568982,154.8466592,131.1606827,99.28495751,166.0820116,112.5986151,151.8646452,-7.583246267
1.913104609,16.78043242,30.43474883,80615.63969,15.81446873,4.53721847,1.246845042,31.06925293,4.065243796,4.116536685,3.444973978,3.363233387,78.16210301,76.93863553,145.3434799,127.9294317,106.2037197,166.6634983,114.736918,160.1975871,-5.091722
1.913104609,16.78043242,30.43474883,80144.54288,18.02817592,5.01181252,1.250700733,24.163801,4.0666661,4.117925602,3.399042344,3.376420643,76.22314577,75.90209823,149.4793986,122.0093186,123.8873445,163.0489285,134.7231113,123.9752614,-0.337870619
1.913104609,16.78043242,30.43474883,79695.38895,17.82804768,4.636687147,1.258013416,20.3257452,4.070333959,4.122210159,3.36044951,3.348692995,75.76977918,71.04528069,146.8783144,129.1590042,126.1712862,154.0331387,130.4659569,125.6972423,0.513184249
1.913104609,16.78043242,30.43474883,78741.97728,17.60235709,4.496017849,1.246837655,21.8600294,4.069427956,4.121193784,3.314867689,3.303500582,74.85290363,70.60907182,131.657092,130.1359686,134.2919605,161.328756,130.6283437,112.0044054,2.623162203
1.914037474,16.78924281,30.61779774,79457.74611,17.05544359,5.417930143,1.248462747,22.56852173,4.070616261,4.122057248,3.347561873,3.332346678,74.96078047,74.84244414,136.2250116,126.6332498,115.8623128,180.8633974,126.3994658,122.0334354,0.2946337
1.914037474,16.78924281,30.61779774,80029.44831,16.47099662,4.830108002,1.253328244,23.86234067,4.070418801,4.122124263,3.333874789,3.305337996,74.97681807,73.4999326,150.5467754,133.4039894,107.3638518,171.8189437,121.9548168,131.2153222,-0.78390938
1.913104609,16.78043242,30.43474883,81197.69748,16.41119288,4.455462112,1.246786223,23.14681053,4.048986699,4.100221669,3.340521944,3.300551554,80.33721448,80.0556784,158.7809871,132.7271548,107.0580306,153.4493422,124.5574632,152.9112642,0.05661242
1.913104609,16.78043242,30.43474883,79235.67271,16.82287256,4.951205078,1.247060235,23.73448353,4.041299332,4.091985012,3.318734908,3.244412642,80.13451242,83.75063368,161.9808034,117.6941376,103.9473875,154.597725,128.341314,144.3308504,-16.77058947
1.913104609,16.78043242,30.43474883,79504.4279,17.05741356,5.469554941,1.247068097,22.67291847,4.050093802,4.101453566,3.34714507,3.274296131,76.06771189,66.84895377,163.9048748,98.46996288,103.7213659,147.7999826,148.1030478,151.8851245,-15.895784
1.913435725,16.78355963,30.49972122,79463.84339,17.70769364,4.942211186,1.252975706,23.90574167,4.059672555,4.111045616,3.374208935,3.306411719,74.79069333,72.5835955,175.7182543,114.7984256,93.90607748,144.5760273,138.3041339,148.4650349,-13.65474333
1.914075501,16.78922958,30.62716487,79666.96138,17.08238963,5.340929576,1.247013426,31.69446267,4.063226867,4.114829476,3.352203376,3.272444305,72.62752335,70.93405945,175.699807,107.9349509,104.7127987,148.5666149,131.1585577,149.8114703,-9.961119007
1.913142487,16.78041451,30.44410363,79423.77236,17.80074973,5.110503755,1.253625271,34.8791578,4.045824466,4.097184308,3.339849168,3.27090395,74.08445416,69.66806436,171.3300618,98.70451347,94.43976714,157.710879,138.2837159,154.0876131,-12.4661314
1.913142487,16.78041451,30.44410363,77819.94983,17.35898079,4.84698301,1.246838698,23.92685533,4.048139061,4.099345618,3.316290503,3.272090647,74.2193745,72.60726425,165.4666099,98.76671283,95.33485052,160.3114697,150.1271041,127.6096431,-13.17867023
1.913142487,16.78041451,30.44410363,78222.20672,17.37042575,5.225276949,1.247074874,23.38492987,4.060919713,4.11236956,3.342062034,3.321409287,75.07898227,76.47203979,163.8838986,97.36248821,89.13318229,172.8114579,142.4258449,135.637378,-10.85386727
1.913142487,16.78041451,30.44410363,77940.12956,15.99181103,4.92953562,1.250276506,23.43771453,4.065872444,4.117338014,3.306385706,3.284759992,76.49645729,74.08414732,161.1153837,105.7281172,99.13301543,176.5819579,130.600186,124.8871205,-8.410370467
1.913142487,16.78041451,30.44410363,78711.65096,16.96750917,5.6124408,1.246933026,25.4177384,4.066012537,4.117356973,3.309001325,3.270130322,77.74249361,81.68318663,161.7624421,123.7171656,102.7206493,177.0152376,118.7494639,121.5673487,-7.263226513
1.913142487,16.78041451,30.44410363,78501.2927,16.09326624,5.198806837,1.246978503,25.35275424,4.058413444,4.109756132,3.287090692,3.246095885,79.19573819,83.21029281,161.1282489,122.0433955,100.2691346,184.3089819,117.2386937,118.3971567,-5.8843998
1.913142487,16.78041451,30.44410363,79986.89859,17.30034164,5.24442185,1.248596375,25.28777008,4.069520675,4.120894001,3.286082912,3.263479387,75.39808945,64.95669182,151.7755897,121.8394892,116.1320584,177.7484581,117.6238654,131.0741287,-4.3886268
1.913142487,16.78041451,30.44410363,79463.72529,18.06419108,5.509403963,1.247137509,25.22278592,4.069631168,4.121202328,3.307077166,3.287467868,74.79384771,72.22827119,152.2767674,127.9654286,122.0060637,166.9153275,117.6187126,124.5187456,-1.920306907
1.912401554,16.7563342,30.38688083,79125.86263,18.99242589,5.283661079,1.257799306,25.15780176,4.071280167,4.122831986,3.353920363,3.333591875,72.83495171,75.27007342,149.0438216,132.164373,118.5609452,163.7013444,118.9923743,124.8425694,0.280142059
1.909950777,16.67218653,30.18339896,77829.71936,17.82993385,5.44694391,1.249186798,25.0928176,4.071974362,4.123380518,3.334921943,3.319250279,74.1137748,69.56292351,148.9464878,128.1402224,126.3948232,131.4948057,128.2916761,131.1743546,-0.015586404
1.90738601,16.58521762,29.97390415,77752.12333,17.15805462,5.332006453,1.257921181,22.81250553,4.052775254,4.104091564,3.332592568,3.319830572,76.38862982,74.05480702,132.9243755,128.1492354,133.083681,132.7266266,129.5049787,134.0737504,1.366317743
1.904831519,16.49899171,29.76307413,78364.38449,17.91349399,5.07370126,1.246756304,28.52853473,4.05475324,4.105794354,3.312610252,3.302493755,77.69486177,74.08499887,124.8319435,126.6512733,128.8890131,150.68455,131.7725786,132.0186615,3.08190808
1.902892691,16.4332478,29.6047071,81399.31435,16.97208811,5.335831399,1.247027389,27.11448337,4.067122294,4.118478529,3.333995902,3.320816001,77.26250413,72.78515705,125.3390569,134.873348,139.1188562,154.3393354,134.6441759,136.3981437,0.307888754
1.893015297,14.99002593,34.05502204,78475.78609,18.0540029,5.653466064,1.246839806,25.700432,4.050584458,4.102501832,3.357970466,3.342206394,75.76526652,73.47280415,96.69996127,117.6349819,151.9088232,165.1335293,153.5872208,105.491241,0.855300223
1.881490236,13.05944502,37.18552415,78228.51227,16.68733546,6.197608068,1.246840346,28.74202093,4.064831329,4.11612532,3.337570013,3.318269364,73.8956483,72.76082886,90.78282452,112.8755351,158.7540466,163.0899183,156.6477976,104.893388,1.512060473
1.879568345,12.99427544,37.0285406,77045.10933,17.18880466,5.662564975,1.249935392,24.01483013,4.051359797,4.102653475,3.311135179,3.293233141,73.5320624,74.50402081,117.1117418,118.5106622,138.8393046,147.973782,144.3343049,113.4961944,-0.09373935
1.879232763,13.41626231,38.17736651,77181.90983,17.80592646,5.840769658,1.253584837,22.88875033,4.052689345,4.103937878,3.323447186,3.307254636,72.48115111,75.18782558,126.2364813,117.5445851,130.9839802,143.8729737,138.3261977,126.522483,-0.278547245
1.877293935,13.3505184,38.01899948,77775.95443,16.4935348,6.293525151,1.253949241,25.15498633,4.062329819,4.113522406,3.336716582,3.323130993,77.02226487,75.9494079,125.6552212,132.8367871,130.5656421,145.7362721,126.2258977,128.2779802,-2.655222453
1.875392589,13.28594195,37.86414356,77904.66927,16.95052235,6.651123815,1.250256331,25.06349267,4.065589045,4.116873589,3.337623469,3.317535935,76.54799212,75.91797409,126.8551941,126.668583,133.6679092,147.5465093,129.4855652,126.639348,-5.708388
1.883454971,13.88190409,37.12235322,78371.98216,17.14745831,6.263863412,1.24682561,25.558499,4.061379245,4.112722967,3.3125926,3.286658404,77.38484222,75.94479746,133.1693659,123.4241715,122.9724173,149.9105513,130.4676031,136.6883031,-7.20087064
1.882815692,13.85469591,37.09414578,78882.47851,16.86605964,6.931161069,1.250931306,26.8687396,4.045549208,4.096736255,3.314069147,3.284501823,78.21047854,75.12213354,132.0512451,122.3612101,118.8481736,147.2954166,135.6088613,145.1328125,-8.606094987
1.881158166,13.80419045,36.93401263,78161.17556,16.93395542,6.624221612,1.257746059,29.07280687,4.049897963,4.101008641,3.293890803,3.264157136,75.71791371,74.25192738,133.1371939,118.2785304,123.4668344,147.9384355,133.9113427,137.7108314,-10.10250647
1.881158166,13.80419045,36.93401263,78791.97555,16.4859415,6.159514065,1.248528177,26.23180087,4.053571923,4.104079491,3.278312822,3.257812664,73.28611609,71.56485716,131.2730413,117.0381732,112.7413744,153.2562997,136.7781658,149.1767502,-10.87885
1.881703721,13.82199158,36.98160543,78892.50268,16.6556576,5.598040531,1.243065359,21.99257867,4.059837985,4.110847181,3.286815956,3.27204894,72.84093823,71.78708303,109.8918362,112.6585857,115.71339,160.4588413,152.7965299,145.5650211,-10.225941
1.882302293,13.84211979,37.0312307,79774.2633,16.63244705,6.273275276,1.253664209,25.16437053,4.062802429,4.11392872,3.309118848,3.293248711,74.67373375,72.6250829,135.2912675,122.4921995,122.7880307,151.167722,141.4352351,137.6234672,-14.987101
1.882887901,13.86214603,37.07833138,80070.04628,15.76597094,5.191185617,1.246896763,25.93620507,4.047565076,4.098689182,3.283150782,3.265564496,78.5730025,73.77911787,133.8845096,122.7923675,123.4605314,148.8633766,142.7863789,141.6159931,-13.68330277
1.883454248,13.88135034,37.12459162,82795.87823,17.10097714,5.167957059,1.245078981,26.36317687,4.055885767,4.106660971,3.328811715,3.327142484,76.09450003,69.92621392,132.2082277,128.0357685,129.0474226,145.394804,152.7547387,152.4232577,-11.568417
1.884020594,13.90055465,37.17085186,80580.01837,14.62249347,4.768280458,1.256852389,24.06526947,4.050543765,4.101547357,3.29644968,3.291365083,75.86496153,67.77388639,144.555649,115.0807963,114.6540413,144.9008746,149.5794017,151.9048131,-12.33395603
1.884618624,13.92066448,37.22043285,80984.78412,16.43142651,4.939365093,1.257316545,26.52270467,4.048656117,4.099632593,3.313017471,3.304451794,73.34208,71.88239721,150.2315637,119.1805787,111.28834,138.9588983,147.6961889,158.336616,-11.35278207
1.884618624,13.92066448,37.22043285,79577.86212,16.57204651,5.140160078,1.243901325,25.65703087,4.049113861,4.100390807,3.310158667,3.295822051,73.51283582,73.42442604,155.2242753,113.7348147,105.424233,137.4133008,136.9566286,163.971439,-9.430023833
1.876059113,13.30875032,37.91768732,81626.91745,15.878696,5.83834588,1.253642319,23.5561872,4.040487653,4.091496781,3.324104065,3.306540303,74.70232242,73.51233261,165.6015394,110.5224797,111.5145402,154.4070701,140.1534832,152.7351224,-8.010498753
1.876706432,13.33080394,37.97011151,81927.50978,16.15640791,4.860010445,1.246932227,24.25529567,4.049965668,4.100858246,3.301528937,3.280794515,76.89228626,71.47603267,161.19931,125.8879313,124.1136851,149.1256437,140.9614574,135.8321706,-10.64045207
1.877334025,13.35208506,38.02137448,82746.17015,16.71202582,5.391530074,1.253617113,25.67227967,4.052778677,4.104289046,3.323210197,3.30661872,74.81242498,70.9894662,159.2394138,129.662012,127.1743489,137.5058902,140.2407732,151.035402,-8.825738
1.875841327,12.8675888,36.69769769,84111.18424,16.23895081,5.463565235,1.246840523,25.40718147,4.064455137,4.11590827,3.344511731,3.327515585,78.29823629,72.38835163,152.0560634,127.4587869,129.0209076,157.2063044,144.3574759,146.6997981,-5.622747693
1.876468758,12.8888644,36.74894737,85723.09063,15.89659612,6.536641305,1.246971591,24.9989776,4.067741247,4.119253877,3.350482108,3.327526958,78.29881019,75.38719919,138.6086399,137.3469851,133.4691426,160.1438546,143.8782835,156.3955319,-7.11478
1.878365039,12.95345501,36.92875578,83762.93293,16.0867271,5.190277878,1.246963,25.05528,4.0404748,4.091879095,3.28981968,3.266526465,77.39494,78.6415348,143.8725167,131.4265078,127.6945615,165.2564762,147.1539096,136.3359102,-38.13464033
1.879249357,13.01921337,36.86148843,82975.36259,16.79464476,4.810022623,1.246830654,22.88757767,4.043963775,4.09450061,3.260370206,3.237191252,78.51494958,82.80178671,158.5990365,113.0822373,108.867918,163.5327272,153.7817791,149.0686579,-33.39628033
1.878443983,13.05135892,36.53700467,84195.47557,17.21273038,5.726744239,1.217010917,23.155022,4.047320254,4.097948913,3.294997325,3.275079884,78.03129637,80.47146724,170.0421144,109.5428494,110.7176947,160.8839409,151.7033453,158.5369771,-29.04430147
1.879157158,13.08721732,36.5497277,83716.4779,15.50671059,5.267120898,1.250536288,27.19952527,4.0462284,4.097019037,3.306161987,3.285494747,78.26494132,80.70815221,169.5044675,127.8518124,133.9408265,174.178215,127.9091766,122.8650379,-28.72032667
1.879870332,13.12307573,36.56245073,84990.64612,14.40501229,4.550238667,1.246489592,27.2593486,4.04712906,4.098245979,3.351725459,3.3301798,76.4146879,71.93764056,159.5048009,125.8047885,125.6827149,170.1454471,141.8938106,143.8904361,-30.06143073
1.881738236,13.18569555,36.74388789,84541.48523,15.31033843,4.783777738,1.249495902,25.95145387,4.036337898,4.087349588,3.306715844,3.281004435,76.07934416,70.40016544,142.8649709,127.004082,126.8495924,164.7669373,144.8508925,152.858582,-27.79497
1.882417074,13.20871432,36.79933659,85492.17938,16.71366839,4.859953496,1.253341924,23.87876293,4.051782313,4.102971941,3.355339329,3.331294638,74.80657981,75.56399574,137.5004068,124.9737138,126.9032637,177.0113689,149.5927598,151.4995664,-26.47726747
1.881960581,13.20669087,36.6835166,84657.74687,16.21381349,4.468793152,1.239606123,22.73156847,3.94878675,4.003447852,3.21621086,3.199772596,75.29764948,75.64210792,124.1389816,118.9340141,143.4085367,184.5348912,161.7116596,123.7052167,-30.442766
1.882588174,13.22797199,36.73477956,81893.02009,15.23541203,4.702586801,1.246858421,24.54971893,3.832350537,3.884785452,3.097165654,3.071607051,76.84816947,82.71831722,109.7064653,96.51638884,136.8488912,206.9427595,155.8105529,120.6511394,-28.39977313
1.882588174,13.22797199,36.73477956,82148.64296,15.4988086,4.638820287,1.246942065,29.16840653,3.832727977,3.885073832,3.094232465,3.070194627,78.21578542,83.25477008,76.54212986,101.1892919,127.1606941,220.6043753,154.1706377,142.655225,-29.5600874
1.883237354,13.25001038,36.78691051,81962.08387,15.9870486,4.598593779,1.246828172,33.78709413,3.808691325,3.85945549,3.123863014,3.077957568,78.91752969,72.50231373,78.46499047,84.48513049,124.9069021,233.5016323,154.8343213,144.74181,-29.9241774
1.883900415,13.27246888,36.84196577,82066.47712,16.85947671,4.84081598,1.247344985,24.91686833,3.795450494,3.846380327,3.127850013,3.069616933,79.83903715,74.23440681,82.91550555,82.76509032,121.5416442,226.986932,162.6732951,145.9226231,-30.7171376
1.882272374,13.08564202,37.22147341,83464.41925,16.42228969,5.018089383,1.248142865,24.0465016,3.816563794,3.867556191,3.177027663,3.095322329,78.83638228,74.89733854,106.6175205,84.65391636,100.6183916,225.7490339,172.9780476,150.8126432,-30.33216833
1.877763943,12.93276524,36.8532166,81700.73091,17.10208449,5.569267487,1.239076832,24.65294313,3.824742545,3.876722568,3.204057025,3.105330969,76.35563001,76.32976299,88.49991716,82.54109981,95.71105891,202.8247857,184.5705311,166.1763044,-29.24459487
1.873908195,12.88587915,36.21204357,83051.35835,16.20183203,6.365901486,1.246973904,21.89404667,3.946744846,4.001905065,3.194007986,3.2158091,80.13755683,84.75195124,77.89336731,98.29097563,104.517664,205.9381934,183.9217096,160.924784,-29.48172147
1.869154345,12.68859663,35.96366018,81942.09048,15.67746795,6.211920528,1.247109138,29.206529,3.930347034,3.985925414,3.134960143,3.145995262,78.32631348,84.08944926,77.72439724,95.78280494,98.30446475,212.6943938,182.4468223,153.6474189,-29.94577107
1.862330047,11.99969901,34.30043332,84843.95963,15.45387649,6.835677604,1.250093677,32.427001,3.944792926,4.000114496,3.186353362,3.166829098,77.6904795,85.51465909,78.9998702,106.9965904,98.34512043,210.8093946,178.9492571,175.2570735,-25.10739047
1.857649196,11.81761287,34.00920083,84663.63237,14.39563549,7.619359661,1.246871981,35.647473,3.945773483,4.000935194,3.196977647,3.16793975,77.68792,74.44514894,101.164066,109.2182267,108.3116308,199.0495252,178.772347,155.5202284,-26.12510913
1.853182879,11.66628534,33.64545785,85359.61906,14.50051122,7.752122394,1.309476808,25.710989,3.946416173,4.001178468,3.264744319,3.229093014,79.04379282,77.49801421,150.8439894,102.1384445,110.8823656,161.8530742,176.0550828,167.0078282,-24.89302707
1.848687078,11.51371562,33.2771588,85624.34721,16.80953356,6.658657497,1.29663788,24.3937098,3.950201712,4.005063765,3.249159612,3.212201376,75.52538572,76.26381093,157.4599569,105.1500629,111.3158625,162.5136597,167.9140629,168.4051866,-20.716427
1.843549559,11.33950701,32.85751687,86876.2232,14.33123098,8.323254712,1.302729804,36.16828467,3.923006292,3.978953049,3.189227373,3.153861818,74.79969936,74.72501881,162.064773,107.7714492,137.2589704,155.5497901,170.0433905,153.3420464,-19.65239687
1.825913018,10.29422523,32.73148041,87062.75594,15.13744451,8.691922552,1.299398266,24.61306027,3.925403136,3.98063311,3.18628664,3.152602779,79.496645,84.19387564,160.3215468,112.4608147,129.9902183,175.0897222,167.1634755,142.4299906,-19.437726
1.82170556,10.1994382,32.22961394,86038.19695,15.25844757,8.183925603,1.299071273,26.39602033,3.927616026,3.982756946,3.230361793,3.195299366,78.29517561,80.75444638,159.671853,101.5393067,118.0658576,184.2529178,161.5631595,152.3652033,-16.1946952
1.818589706,10.18732771,31.61521663,85027.45771,15.61961585,8.248331529,1.297020583,25.847057,3.935221162,3.989787189,3.214924931,3.175130929,78.29738733,83.20661978,169.5485273,106.703749,105.41401,179.4023401,150.2007462,157.964654,-14.8710996
1.814343905,10.0915304,31.10752982,85118.84581,15.35079886,9.589847548,1.303069495,28.923836,3.941775398,3.996411019,3.250865488,3.209307735,79.82726435,82.62625148,168.8022898,105.7690786,112.7802596,180.5121955,158.9711976,143.2043025,-15.7108312
1.810090221,9.995718859,30.60007858,84286.26088,13.8000906,10.58914555,1.298573565,28.1602126,3.922492016,3.977911154,3.203294993,3.159089666,77.68792,73.37035695,163.2513416,103.6848249,107.3020267,160.7825871,157.6655142,168.0546906,-11.84662817
1.807398444,10.01193604,30.08808989,85850.97047,13.71417302,11.47999088,1.296364888,25.98547033,3.924702122,3.980374017,3.298022022,3.26259265,75.10413043,76.26562367,162.8295016,108.8042415,108.5634064,165.5505317,161.7665855,168.4756009,-6.249083327
1.805782195,10.00760012,29.80602708,82025.04651,14.12473671,10.28178051,1.294167589,26.4159616,3.86163701,3.914753309,3.189618359,3.154760983,75.10873797,78.65290531,152.5703211,108.064848,124.6426368,160.6946041,154.2928361,136.0480561,-6.97016216
1.806538685,10.13236475,29.50392088,81241.37798,15.35623437,10.47953705,1.299294317,26.84645287,3.812982592,3.863439554,3.152932337,3.119663637,76.87910077,80.58238345,144.8986565,106.6206761,132.4737376,165.6653655,151.8740264,125.8879941,-7.199551493
1.807916788,10.22876928,29.45995345,81230.37753,12.56702097,10.92744197,1.34797955,28.7455404,3.82591913,3.875695467,3.094865062,3.071989921,78.28742235,82.93494606,112.833891,93.17429586,152.8432058,202.6427269,157.5730811,101.5483551,-2.729550353
1.811297643,10.4442828,29.42968286,81078.17579,13.9741937,12.24529458,1.345688177,25.3919324,3.801340008,3.85037554,3.090200474,3.071033022,78.29833521,81.78483387,108.4359994,88.6286659,155.7684763,202.8119849,156.01882,106.5465845,-0.683405263
1.808882747,9.876782077,27.88656386,78350.26367,13.19699242,7.743268621,1.349812206,28.48865353,3.81416496,3.86362242,3.031216071,3.041365191,73.94045588,75.62312281,130.5084472,107.3492584,138.6602961,147.4585553,148.9152586,122.9745488,-2.092476473
1.810663369,9.940785569,28.0434565,82098.67025,12.54017427,10.96522737,1.347652885,26.6177178,3.907592289,3.961334803,3.111389524,3.134252605,76.71511052,75.42219563,146.0448056,120.1957318,123.7424608,141.2273839,148.9310736,155.5270858,-4.315711
1.812391621,10.0029066,28.19573465,84021.5616,12.0451434,12.80893502,1.342676217,28.74436693,3.915262894,3.969145197,3.263124715,3.266948245,79.04148399,83.18866798,146.7284536,108.1817336,118.3285755,144.8722909,156.3646951,180.341708,-2.789981907
1.811992437,9.894819663,28.4904712,79427.62122,11.55607944,8.777169224,1.357934231,27.3707838,3.916019278,3.970072615,3.19211471,3.171601132,77.140367,81.830797,152.2383833,100.8842163,117.5774219,153.9277661,167.8654043,118.3803221,-6.735535693
1.813148094,9.93610707,28.5905499,79887.17755,11.96445352,9.886211142,1.348310736,27.096302,3.893273027,3.94801439,3.169036369,3.159019166,78.09761431,82.61217796,156.9439515,92.92118683,124.9624092,145.4658506,161.4948142,134.3975192,-7.187122527
1.845428973,12.28590952,28.27092593,84879.36591,14.86274869,6.417586314,1.345244757,24.21189467,3.919473701,3.973364729,3.17312989,3.212984653,79.17920619,77.12729401,149.5395246,89.52456285,84.0531991,202.1845775,181.1177077,157.4140386,-0.63023734
1.846658851,12.4763939,27.96731301,81047.51088,15.00822896,6.77126864,1.355440658,29.5654674,3.893975549,3.948469485,3.221353198,3.15115131,72.77273887,75.56795706,144.5777468,87.92995397,83.94324202,197.7738346,177.1467965,133.8581849,3.611631693
1.848218472,12.71469995,27.59854196,79671.36693,14.59059857,7.500678049,1.348638398,25.212463,3.901096811,3.956017713,3.338499809,3.200394882,77.22443405,80.72928309,146.1870824,79.23878312,96.88734258,196.8064143,175.8892669,116.9270571,2.230475147
1.849672017,12.90574087,27.39353338,81303.64159,14.85547818,9.739722666,1.348609582,26.65056207,3.901861498,3.956521298,3.384998184,3.234154565,78.03024415,82.38244686,145.2700053,95.42313748,133.499028,186.176777,154.9071086,112.5108432,4.787191833
1.850451163,13.07857442,27.05811628,82416.99524,15.60478113,10.10546663,1.348440492,25.82125033,3.894832132,3.949627101,3.343363804,3.197206305,78.20384524,82.1130469,147.4586817,111.8701743,152.1007629,191.1829848,139.0981357,97.46957945,0.334142807
1.852257913,13.29112075,26.76050176,82202.16655,15.32940658,8.574682456,1.355308618,23.78023033,3.886363094,3.941750845,3.314032615,3.170730095,77.18205189,86.65969147,146.6904178,126.3632826,163.9232816,175.9009814,150.3089822,73.86400921,2.037149513
1.853945148,13.45855837,26.63029536,82022.38882,14.8546756,9.855934642,1.348663771,26.29631573,3.882879362,3.938927395,3.176486718,3.147384267,76.06883955,75.93310375,147.9804031,117.5469692,158.153114,185.8577228,147.9111025,77.97807814,2.63381014
1.828093159,12.09478311,25.48357496,83028.17325,15.43443813,10.73768132,1.349213914,25.84471033,3.891817568,3.946884916,3.164219613,3.164625807,75.75634053,77.47547576,155.2911402,111.0882389,153.7614338,185.151531,142.7168657,98.79246616,2.22233124
1.830703373,12.26415393,25.60158547,81450.02228,15.94025642,10.38840337,1.361733737,25.23709687,3.905624542,3.96047121,3.138431543,3.139069838,73.31346521,75.60239171,164.461549,98.82943926,120.9376585,175.4608724,148.0990536,125.2357288,6.801786773
1.832297492,12.31458057,25.82004036,82481.45218,15.97538317,9.3473244,1.355131641,28.88629993,3.906211175,3.960962531,3.260458094,3.236147923,77.31597611,76.56848707,168.2042925,109.9272354,111.3929958,162.5420168,149.3918108,142.6993186,6.081360707
1.861184056,13.8478007,26.99796014,79162.12752,14.53395674,8.429146726,1.352675977,26.128578,3.890211502,3.94572988,3.1334863,3.100039979,79.2180924,81.85840583,162.8952048,123.0268006,154.3330297,150.6208072,132.5436937,86.78702358,2.62410748
1.861872949,13.82869667,27.25672058,79658.44385,14.70769926,7.563008443,1.364723476,27.558464,3.882269134,3.938192486,3.17410052,3.124477427,79.7263628,85.27223847,165.4139461,136.1321991,163.9332259,141.7556157,133.115445,75.39616843,-0.803864225
1.86339428,13.84205345,27.51202063,78870.38631,15.14551454,5.863939658,1.348574311,24.36086547,3.905308148,3.960250799,3.214694679,3.192064108,76.83334722,86.62683441,165.4870687,151.4608118,141.6384369,127.5930203,123.6281386,98.18873291,-9.832101
1.864838256,13.92783638,27.53325129,78783.1095,15.9307195,6.010930999,1.348614102,25.97843273,3.903616051,3.958681383,3.16127505,3.151068634,75.75416206,77.47254856,167.6198103,99.0137846,131.4850633,138.1306693,142.474011,128.6251025,-13.38918227
1.866555686,13.98640094,27.67090739,78843.51083,15.47755347,5.701549863,1.34866677,25.4517554,3.910733158,3.965473242,3.206061492,3.178081383,75.28695013,75.54942694,167.7974118,85.08851686,88.03312197,142.946422,149.6427514,174.5973326,-12.27396003
1.885043376,15.36519343,28.70037984,78479.94868,14.84097946,5.424821976,1.348686435,29.9255778,3.912829822,3.967778726,3.213427369,3.174347138,76.73351621,77.17991289,150.9966872,88.29139241,80.22767918,156.1097284,172.1196343,153.5569328,-14.4106918
1.885642288,15.38499766,28.75203938,77472.99623,15.062663,5.933722832,1.342547463,28.58953107,3.88893279,3.94447726,3.182886924,3.130807073,73.9234414,73.81094287,147.6725135,90.59021885,82.55599331,161.2039112,155.5131278,153.0210161,-12.20920387
1.866407569,14.21643959,28.61255604,78779.23436,13.98722488,7.32906561,1.253805328,29.3965553,3.809699292,3.861351615,3.104801186,3.048703391,81.60581126,77.87738247,138.1388003,90.2445706,88.03670961,181.1380864,159.2805715,144.7284385,-11.84372067
1.867220605,14.1521071,28.9221071,74953.44355,14.44415882,5.985036388,1.252416467,30.20357953,3.778134431,3.828497396,3.109294716,3.028838106,76.0730258,74.10743061,131.3029282,64.16047224,106.9693494,184.6098979,175.0885797,100.5375308,-10.49858907
1.868728172,14.10764552,29.2963213,75009.55032,15.44668805,6.165848166,1.247093526,27.52092767,3.770189382,3.820666743,3.108021766,3.005238211,76.07157319,77.25313861,122.4910398,79.80912812,102.3290496,188.9463806,162.1902589,105.5991487,-11.0513371
1.868920256,14.02155995,29.54846333,76882.17754,15.86174291,7.355534388,1.250442813,25.39310533,3.773169454,3.823923408,3.172548743,3.043753936,76.06299273,83.37512543,136.7532101,99.03820366,115.2407759,169.5945266,139.492613,122.440981,-11.2716
1.870107683,13.92052969,30.01660652,75897.41641,15.99082497,6.484003524,1.253587784,24.9837284,3.765363884,3.815995073,3.1647498,3.025908308,73.04654306,73.36029491,130.8468307,108.7801751,116.8738803,167.7637915,124.1648512,123.4910813,-9.9956725
1.870914652,13.85445966,30.32906496,74758.53629,15.67506584,5.631826659,1.247136991,23.6500272,3.772580105,3.822784173,3.132908167,2.990815984,73.20981195,74.54343162,136.0825099,116.4509963,108.2436021,161.5828223,122.7831719,116.4941995,-10.0199199
1.872982303,13.73658834,31.00966348,74912.30918,14.75715788,4.46098551,1.256981163,21.93862047,3.774137992,3.824343797,3.115104132,3.03029085,74.08620939,73.4405764,139.1493794,133.5362687,116.524364,157.604052,119.4662445,97.61290458,-10.6380354
1.873914673,13.76229461,31.13904007,76358.06883,17.17641838,5.117586455,1.247172579,22.45825927,3.76984618,3.820334033,3.074831185,2.995433338,73.21973958,72.20992584,135.7154333,126.9978325,119.7820712,166.9190705,123.1532583,104.7957003,-11.64430893
1.872468705,13.72242795,30.93839592,75022.74103,16.55180501,6.106574134,1.247190752,26.59777667,3.774529253,3.824674115,3.068122297,2.979283891,74.63148594,74.89685184,126.4801227,93.36655541,139.6267092,179.8583747,131.6223943,91.43266676,-10.92938073
1.872468705,13.72242795,30.93839592,75735.70553,16.02447089,6.569998888,1.247209459,27.78485287,3.778673666,3.828264426,3.065732165,3.02387605,77.56307008,82.52059004,116.5571382,72.47857865,146.5330644,169.366885,152.2078382,110.2634808,-9.120495
1.872468705,13.72242795,30.93839592,75786.84521,16.95663292,5.759295258,1.253627231,26.81009007,3.795475213,3.844661563,2.966864388,2.990764335,78.09483074,80.84397978,121.4492955,71.94830216,143.2039852,167.0676991,162.8946734,102.3397165,-11.67267583
1.872468705,13.72242795,30.93839592,76239.38569,18.39784975,5.951333225,1.25087802,24.60133087,3.796861638,3.84591776,3.00078098,3.029354028,75.09558123,80.76009564,135.9202168,62.22572192,129.9800165,159.930247,170.5987448,117.6510914,-8.005624873
1.873914673,13.76229461,31.13904007,75298.17042,16.48245794,5.084459656,1.25078717,28.411235,3.800656154,3.849889027,3.064870893,3.097442876,78.3336962,77.65995765,151.1971568,83.8540243,133.29249,151.0508704,164.5458748,86.07891205,-9.500756667
1.873914673,13.76229461,31.13904007,74771.73252,16.70674473,5.348425637,1.258045847,24.75264767,3.803787203,3.85289118,3.052777523,3.083682469,75.72454499,75.14126473,156.0246203,97.23057679,141.4328755,144.5197251,140.5594041,85.86704889,-10.09650993
1.872468705,13.72242795,30.93839592,74214.25134,15.4648133,5.007124402,1.24638636,26.46288167,3.78149764,3.831068036,3.038030756,3.085025561,73.65914819,76.34320899,154.0566964,103.489745,131.4511727,144.4095184,129.0786839,97.35737446,-7.199893987
1.872468705,13.72242795,30.93839592,75142.23396,15.64471882,5.062721158,1.247151426,24.44062973,3.784726333,3.834151278,3.009691311,3.07230958,77.09946655,75.6137501,152.7593986,126.8184058,127.270963,153.1078559,123.366048,85.45120321,-8.109398813
1.872468705,13.72242795,30.93839592,73715.52644,15.38754459,4.429177784,1.226024024,32.0006146,3.783455764,3.833007771,2.949869058,3.020222071,74.3915361,73.88467464,158.2914146,126.1515499,115.6860885,165.3460938,122.8376597,67.53490709,-12.6653194
1.872494172,13.72537296,30.94429779,74013.09783,18.71334673,4.744302402,1.176101495,27.074015,3.80124726,3.85034394,2.945257771,3.034389359,74.27340742,75.03188382,170.5576982,99.69454269,118.7523472,155.0645614,123.3423313,93.92498807,-13.997162
1.871724942,13.79082168,30.64102855,74108.40275,20.76776087,5.455231867,1.097819883,24.3948826,3.806723824,3.855934875,2.930262625,3.02231568,75.295265,73.96927902,172.8879875,98.20796865,109.1642792,132.6795669,120.5582081,128.9497754,-9.408793267
1.871724942,13.79082168,30.64102855,72515.6536,22.00892464,4.859260227,1.100467667,24.4288994,3.793985549,3.842993077,2.943309751,3.045721721,76.51885502,82.21047079,161.03728,91.65295519,105.5605601,131.7257929,130.5169113,124.0827952,-4.994556633
1.871724942,13.79082168,30.64102855,73038.32855,24.21474442,5.287608634,1.164567165,23.12686933,3.806618394,3.855111871,2.943856943,3.032888069,74.32300903,80.35749759,168.8202585,91.83557697,107.2316599,133.1174412,143.5368599,106.6621333,-8.23838
1.871116293,13.7692014,30.58474206,73771.36038,20.63094749,5.104315549,1.102494738,29.708573,3.813277266,3.861656479,2.969943537,3.107735673,75.96909505,74.57397733,152.7356673,107.9366017,130.6604734,161.2692765,116.7349823,86.05925016,-16.444089
1.871116293,13.7692014,30.58474206,74101.41314,22.86394212,4.761813001,1.100870426,22.7057624,3.820943726,3.869916822,2.933093698,3.113976487,76.21466855,82.16958307,120.2285156,108.7428971,134.518878,184.2995512,106.0244935,98.38101376,-14.796338
1.870539201,13.74845818,30.53389391,72551.03104,21.99085535,4.379239663,1.100432618,23.63829787,3.818753509,3.867931372,2.868556986,3.074787042,77.03445943,84.05942519,101.8126494,100.7661571,133.0461917,183.0073414,120.4514308,93.96054471,-13.11132247
1.87032634,13.69400058,30.63554196,72425.70961,23.05233994,4.920067625,1.097180795,23.44592527,3.800220459,3.84905143,2.84820402,3.06183948,74.6849,74.7759461,86.58210775,101.0825411,126.094037,179.9932928,134.8797033,100.3337318,-12.82772293
1.87032634,13.69400058,30.63554196,73204.11002,25.07472707,5.162041923,1.101967688,25.12566167,3.817869351,3.867184235,2.86063908,3.061610861,79.96683619,79.95098913,83.11558809,67.634475,151.6966292,178.5486746,167.7476222,87.0577446,-11.737263
1.869749417,13.6732634,30.58470862,74898.59838,21.20421595,5.404216904,1.101885437,24.82772007,3.812440048,3.862205579,2.897449958,3.099098183,72.40188503,73.6010372,87.20065035,86.37597177,155.4687466,186.3028406,158.5174336,79.35852358,-16.8964317
1.870229451,13.68641592,30.6512431,74122.7296,21.7648804,4.597245426,1.099632138,25.51392407,3.814067172,3.863245389,3.028974143,3.085806173,74.07593386,76.16997026,86.07725701,85.62971474,140.7651422,190.5540464,153.7725328,88.49541122,-20.7862488
1.871472957,13.67287399,30.94845224,73997.83338,21.51619673,4.497057153,1.100342945,24.5297776,3.814795849,3.864313843,3.114005139,3.079829178,76.69512941,73.02689325,93.72451707,78.94176642,132.9042092,182.1949648,150.2770706,107.6864514,-18.11076853
1.870700378,13.61207207,30.85373147,74380.74691,21.11512536,5.034428204,1.100425568,25.125662,3.798191987,3.848088055,3.154424626,3.031441354,77.09062247,73.02828213,117.7177621,76.8483849,118.1519533,172.2610041,147.277304,121.952132,-20.23947667
1.871106915,13.63053457,30.80446543,75055.54295,21.45488312,4.645150034,1.0979979,26.00775787,3.789432957,3.839629139,3.042445381,2.996460193,73.20478025,73.41105867,156.1364885,85.21929281,100.8670513,160.6079513,144.3533795,121.2076675,-20.8633636
1.87206566,13.66888437,30.80510459,74226.13654,25.15495629,5.116774909,1.097820691,25.2019066,3.805230197,3.854587433,3.166123516,3.071854306,72.1838517,73.98935565,158.8463876,66.96785259,103.3209404,165.814147,153.017422,113.1216613,-18.0995414
1.872492737,13.68830041,30.75508716,74029.4249,24.50449427,5.075114152,1.100356159,25.794271,3.810012585,3.858674456,2.89639824,3.017222885,75.46501087,78.72909245,158.4166387,56.55096862,96.41721173,171.4353232,159.2227361,116.9780266,-17.27598373
1.874843165,13.76523741,30.95186763,74536.83596,20.50224253,4.997436298,1.100464415,32.8662888,3.817208761,3.866291817,2.89876196,3.031849438,75.18515484,72.87224636,159.4384171,62.43374208,103.470064,162.206301,159.1275223,117.6859271,-11.1369889
1.874357931,13.71493899,30.90726903,74778.35737,23.79370252,5.619783309,1.197760982,27.6781104,3.797939159,3.847342109,2.936985402,3.032259805,76.38685227,79.26516646,166.2022517,67.69834959,98.59643586,165.5574834,156.2855229,113.7843339,-9.2294134
1.875316676,13.75328879,30.90790819,75741.04866,22.16565575,5.457623677,1.198750537,25.7508712,3.812282903,3.861472478,3.021708986,3.05369039,72.84690466,74.96682475,165.6970144,96.47593911,121.6016213,172.7565322,134.6683744,86.10103572,-14.5720061
1.876319001,13.79338175,30.90857641,75807.87476,21.59782043,5.113164315,1.205644172,22.89930773,3.813252309,3.86261564,2.98887216,3.089710998,76.69315701,72.53284609,143.9164894,100.8337233,132.0085927,181.8041553,126.4652968,88.54966819,-16.062582
1.877277745,13.83173155,30.90921557,73369.9195,22.06132505,4.53220076,1.194747762,24.6787484,3.810613274,3.860441337,2.93309676,3.005607944,75.58824,74.30174767,115.0341492,103.9733835,139.642092,187.0550227,123.6930606,74.4999522,-20.362952
1.87828007,13.87182452,30.90988379,74689.64941,21.3851466,5.048947868,1.195950254,24.4711274,3.811130748,3.860367044,3.020342767,3.082335626,76.83754785,75.07671237,101.4543849,124.181319,132.5592643,172.2611993,123.1958737,100.4614693,-23.6268496
1.879238815,13.91017432,30.91052295,73636.55728,23.24283888,4.753445749,1.198168607,24.3503088,3.788406779,3.838285208,3.054418455,3.038657097,74.78651801,74.3066442,108.3666452,120.631512,121.5410163,176.7680193,116.1111638,101.6581635,-23.53331447
1.880241139,13.95026729,30.91119117,73777.74538,21.59640399,5.119021482,1.196934357,26.10159773,3.794718441,3.84447992,3.141969076,3.064465815,78.13822008,69.3579902,126.2658728,98.52776142,104.5444951,174.033082,125.3129727,121.6042336,-19.636774
1.881295758,14.04042127,30.76095584,73557.98695,21.98250572,5.536521767,1.202376213,26.81595413,3.806103216,3.855810279,3.119449507,3.038453367,76.18080911,68.75807524,142.0588297,100.7492293,106.0563984,161.0494811,124.2863754,116.9281085,-20.330645
1.882298083,14.08051424,30.76162406,73359.36332,22.68121297,5.120758338,1.203205819,25.9139184,3.808748283,3.858207034,3.149501034,3.049833528,75.58824,69.42538083,158.9283059,100.1790832,109.4518126,143.3707911,124.2032532,116.3155107,-19.216038
1.882457873,14.04321906,30.85570889,72853.01041,22.42956003,5.094352189,1.200641529,25.33914753,3.809610223,3.859220031,3.157459368,3.040060979,75.08221345,68.95519096,146.9465888,81.97046635,111.5093828,164.2603704,130.926929,109.475997,-18.07506113
1.882457873,14.04321906,30.85570889,72449.40175,22.21370053,5.481685327,1.196054731,25.94793473,3.786431473,3.836423539,3.136684316,3.002467973,74.17971307,68.9202218,129.5400853,89.19027591,101.887061,165.130636,133.2524935,118.6953003,-18.35785
1.882457873,14.04321906,30.85570889,73504.34024,22.37244522,5.289142255,1.202333389,24.75616613,3.798930195,3.84855058,3.140332474,3.036835893,74.07889352,73.80471426,133.5170898,96.57748812,107.8804339,166.0745149,140.0105974,104.7697659,-17.37493107
1.882457873,14.04321906,30.85570889,73045.89565,22.42966231,4.990743145,1.19824257,23.05531693,3.805489016,3.855198197,3.096797781,3.028389252,74.07525945,71.30859469,134.3379172,101.4220528,108.6888401,156.3103642,129.6264506,114.1277538,-17.0488546
1.882457873,14.04321906,30.85570889,73083.29662,23.16246656,5.081002466,1.198159777,23.76498153,3.80698311,3.856991806,3.162325023,3.049171319,76.0674584,76.16013339,136.9527786,94.83663904,97.68334796,168.0420575,134.9424289,113.1584651,-15.51514067
1.861128058,12.39063309,29.79043453,73489.20147,22.75122328,4.907409126,1.202544855,24.66349973,3.806704035,3.856800611,2.968027708,3.045342145,76.06703754,74.29986992,138.1838522,90.88115136,87.181978,167.7764459,135.3810325,130.1908397,-11.10794093
1.860336691,12.31570647,29.88299281,74619.19154,23.45442798,5.082986114,1.208552899,24.62830947,3.789395998,3.839504247,2.958515839,3.047593056,75.58824,75.83073727,137.3984238,96.69976537,111.2585035,169.0655556,131.58755,114.5524743,-11.67809473
1.858805927,12.26322196,29.67660372,73323.95161,21.19667914,4.591014799,1.19908078,21.46707413,3.795292114,3.845224218,2.935784248,3.03662766,75.60164557,69.98207069,135.28238,95.55723142,104.0210317,167.3006574,123.8674662,121.4139496,-11.979569
1.858805927,12.26322196,29.67660372,72554.76389,19.37324669,4.283792718,1.199203006,25.10689347,3.803775221,3.853679363,2.957278189,3.047207575,74.38420236,72.07395245,132.649796,102.4309435,103.4043108,162.5754392,129.7234739,108.5242806,-10.2055494
1.858805927,12.26322196,29.67660372,71423.55947,20.32313698,4.849868763,1.195956232,22.7515088,3.805867507,3.855652524,2.975162561,3.029417681,74.3748142,70.92242168,136.0841274,103.3909306,110.3169521,155.4076824,119.7714978,103.9563633,-7.4773533
1.85884593,12.26571221,29.67813081,71518.53827,19.66784771,4.770765287,1.195950091,22.45943213,3.807285345,3.857115045,3.087193816,3.043875128,74.37582629,69.53633151,145.0389305,94.29076792,112.5955056,151.7910481,128.0743827,99.91209701,-7.62348682
1.860377196,12.31820328,29.88462424,71797.84005,23.63766753,5.158116752,1.202480797,22.2600222,3.785480634,3.835851379,3.135629073,3.062593508,73.22593686,74.10980725,129.1605434,90.08076099,94.53469871,156.2626729,130.2689469,130.8664737,-20.65765819
1.85884593,12.26571221,29.67813081,71541.71935,22.73036769,4.847927501,1.202564154,23.74269447,3.805087874,3.854583648,3.08044621,3.064517556,75.58605403,76.90562333,140.3712971,82.56373713,84.16126663,152.6926845,140.3322338,130.750842,-33.69182956
1.85884593,12.26571221,29.67813081,71343.66868,23.33657862,4.799221291,1.202497869,23.49636447,3.805989712,3.855936118,3.025036923,3.049572287,72.64106372,75.35592774,144.5121512,82.65286524,76.29898592,151.7805305,142.1116627,132.5280967,-35.89297715
1.857174419,12.10745349,29.87363081,72316.98216,22.00383806,4.811964961,1.197982399,24.88871553,3.808784204,3.858003663,3.028558471,3.048888858,73.6078079,72.93660642,167.6919598,87.61165962,88.58933081,134.7424898,128.2994103,137.079297,-38.09412473
1.85390407,11.79781686,30.25613081,72420.69404,23.12429328,4.837473581,1.202690721,25.063493,3.810210925,3.859300708,2.972661643,3.035110178,73.60823902,75.92471543,169.1580619,94.87700989,83.12561559,138.4020751,127.4156783,132.4107069,-26.83107133
1.850034884,11.52087209,30.41648256,72094.63532,22.39670078,4.538887752,1.197122043,24.21893267,3.808663944,3.858281962,3.028773421,3.02125549,73.29371165,73.7538441,167.7746096,105.5009252,100.7021973,132.610969,121.7794805,113.5024008,-25.40211567
1.847002035,11.3648706,30.33997092,71975.50093,22.12559644,4.280788115,1.196551901,24.4500134,3.805452432,3.854900956,2.989406231,3.04433477,73.08847879,68.68755779,151.5505308,106.8631369,112.1315669,150.3778056,113.522735,102.9477911,-22.68778
1.84327907,11.14162791,30.35548547,71258.43673,23.59347369,4.382863894,1.102813637,25.41304647,3.808931968,3.858605015,2.942195884,3.042142519,73.0763265,65.50094686,141.1306443,108.1139906,116.1578209,149.1914475,111.6994421,102.0559844,-20.16764107
1.839444606,10.90980518,30.37248328,71045.32677,24.61963092,4.568684867,1.101194418,24.71041987,3.808649644,3.858484046,2.936495061,3.052763208,74.26689305,67.85391414,125.5339647,100.6155682,106.5564156,164.776341,117.0153432,108.5485029,-22.0465958
1.836373946,10.70849084,30.43935446,70403.83948,24.75573794,4.350101467,1.100393702,24.33857873,3.808108917,3.857818675,3.010480897,3.080558061,74.44913438,69.26443761,89.65444018,93.39220405,104.6405294,173.5582633,129.874013,118.445211,-19.323011
1.832590869,10.47860134,30.46247456,71032.66293,24.91827921,4.398343673,1.098307571,25.23709667,3.811110576,3.860398487,2.989365465,3.06822393,73.90873987,69.82028062,100.5352673,97.60821786,96.64226492,162.5987999,131.5649878,128.9835656,-11.81664187
1.827222222,9.764534613,28.8422135,70469.47766,23.79595303,4.47195661,1.106150173,25.46700493,3.793351229,3.843389693,2.899014316,3.061202947,75.04441583,70.5612495,98.31206113,107.8245482,99.66575573,154.9982021,121.0942611,130.0990789,-8.3922544
1.823239314,9.431110788,29.16868276,70205.7986,24.808142,4.775992713,1.100326374,26.40892413,3.789951155,3.840977372,2.872675398,3.036828626,75.00229,70.76551535,99.73823926,117.1145418,100.5715574,151.531918,120.9639676,120.0856473,-6.891611113
1.820168654,9.229796452,29.23555394,69726.83311,25.36805849,4.916643991,1.099835626,24.87464007,3.782506147,3.833304409,3.008667676,3.045374062,74.99822083,72.94934093,103.1486333,115.1640867,104.1698458,160.7953627,114.5652214,107.8208418,-8.002632607
1.81879872,9.231433973,28.96306283,70297.32101,25.31349926,4.945568072,1.102508948,27.04820873,3.789605246,3.8397876,3.117343883,3.042021339,73.59738339,70.22399726,105.1527268,112.3190787,108.9759715,158.9871856,118.7227714,107.3879251,-7.033613627
1.815564516,9.03812212,29.08673675,69977.1959,23.80676896,5.090410196,1.09891577,20.90755347,3.809069876,3.858600914,3.136588738,3.083299532,76.04697318,75.39024363,109.6106312,113.2056773,113.4091809,157.6008275,120.593908,94.9561018,-8.992216867
1.811826037,8.815086406,29.09603975,70265.13932,23.66575477,5.046314983,1.101090513,20.89347693,3.795773982,3.845697847,2.938837293,3.068800745,73.60380264,72.15681492,105.0964144,110.0734572,111.6403506,139.124521,120.0945214,125.3847365,-8.541809
1.808359511,8.678592205,28.76037522,70735.24013,24.79711328,5.259888893,1.106234812,21.27822147,3.802718596,3.852827677,2.864979913,3.080606881,73.0763449,74.3019393,116.2443311,95.08966251,97.97886862,147.721902,131.899948,129.2521356,-7.591952
1.80547993,8.580948226,28.52516579,71885.71747,24.66632097,5.186985283,1.101163206,23.35091287,3.804505606,3.854852038,2.863719938,3.083604896,73.07611398,73.48111965,128.1980968,102.25427,107.0126963,143.4052612,138.8033045,112.1747979,-9.556770133
1.802600349,8.483304247,28.28995637,73002.15401,23.46941385,5.268732481,1.098866551,23.30399293,3.805980935,3.855615842,2.9369827,3.083290427,73.08049426,72.48915466,130.8699775,116.6229886,113.6139101,155.2549253,127.4550869,99.57227392,-11.31501547
1.801188406,8.442156522,28.19327826,74094.33543,23.05412264,5.065207888,1.100432025,18.96037307,3.810657008,3.860234541,2.980188906,3.082595113,76.06340481,75.33652487,133.1506331,123.6520383,115.3259701,144.9040476,126.214048,111.4322724,-11.0031192
1.799026498,8.381065668,28.05055012,74194.04598,25.11310631,5.382887968,1.094882736,22.0805534,3.789020424,3.839789388,2.807104864,3.08100494,75.73958881,75.00897699,133.3969558,115.9628922,112.8943236,149.8695704,122.5545111,120.908941,-8.263580273
1.796841187,8.288016289,27.81953752,73182.76788,23.7681482,5.359733792,1.095608199,21.71692313,3.801010472,3.851221818,3.017430222,3.115034895,75.6482542,67.88789497,111.1097436,103.1687935,122.4147536,161.3786044,124.1712565,118.8649224,-8.665145
1.79467404,8.215745052,27.64588766,72168.34935,22.63270176,5.069300405,1.099896591,24.891062,3.805753523,3.856074765,2.918546164,3.08408873,75.58824,66.64155249,102.8163495,99.52263982,124.969481,172.5155396,125.7365143,104.0080976,-10.7443462
1.792563282,8.144733779,27.47503637,73439.11435,20.95512174,4.195699378,1.098538547,22.024249,3.81331103,3.862967283,2.828201778,3.08621411,73.33098227,65.24632441,111.800623,106.9646902,114.6109053,161.3116924,128.8861899,120.3243295,-12.85099833
1.790386965,8.070936864,27.29727088,72494.72266,22.86624258,4.490318261,1.097484187,20.447737,3.812618906,3.862458019,3.021910608,3.098398545,72.64809721,70.30035212,119.0860703,93.82825577,110.8346246,169.0886084,127.9363749,115.2077842,-10.675527
1.790386965,8.070936864,27.29727088,71567.70143,23.00313197,4.683901175,1.10151551,20.72456507,3.800223829,3.850457507,2.870674493,3.060695002,72.16526316,67.6094485,91.0047351,80.99752225,117.8391554,179.8207114,140.6752636,110.9416311,-10.02651507
1.790417633,8.078143852,27.31686775,72176.26282,24.09306194,5.347132597,1.094225768,21.27704833,3.80578792,3.855945323,2.860159519,3.085098725,72.16574929,64.66579032,72.96195365,74.87412775,130.706755,184.6930849,144.3367548,116.0278806,-10.82191
1.790417633,8.078143852,27.31686775,71904.08317,20.6831429,4.764065301,1.103010716,20.36562693,3.806838798,3.857249755,2.952084141,3.077553684,72.16666589,66.69026505,71.7610006,74.48975679,131.5997338,187.5784307,152.70078,102.45974,-13.92499
1.804791183,10.75761311,25.33331787,71304.03599,19.99924402,4.392376884,1.100636504,21.7392102,3.806157044,3.856398067,3.066901231,3.066062884,72.16805224,69.77540166,74.40875137,82.98693438,127.2399428,186.5536553,146.7082447,97.5225522,-13.84369787
1.827549304,12.45488979,26.60058585,71831.65443,23.43229191,4.672179502,1.09883135,22.47468173,3.804856047,3.855279686,3.131384479,3.078515547,73.91640772,72.89577691,81.13181276,100.419765,113.7926888,182.1385548,128.8876873,115.5237114,-10.01977733
1.827549304,12.45488979,26.60058585,71440.16747,23.34636271,4.535901354,1.106468095,21.13863433,3.788880866,3.839485339,3.132574198,3.093682554,75.59728531,74.39046281,77.28665562,110.4895281,108.4870073,174.2055985,122.6167301,124.2938881,-7.930534713
1.827549304,12.45488979,26.60058585,71326.77204,22.89194557,4.719503916,1.099996345,21.31341127,3.789745366,3.840473948,3.102712722,3.064763738,73.81169438,67.04022702,82.58666302,105.3928057,119.5783023,183.413159,125.6220764,100.7039291,-7.1161117
1.827549304,12.45488979,26.60058585,71514.10559,21.74323949,4.835096006,1.09426463,25.25586427,3.797596854,3.84777376,3.076524663,3.070613347,74.09146656,66.98111297,80.31189059,96.18587029,119.290397,174.8389668,127.7801619,120.2841679,-3.59341902
1.827549304,12.45488979,26.60058585,71768.93405,23.52834721,4.907307482,1.097708166,21.63364047,3.801214232,3.851680102,2.998606737,3.064272571,75.09766056,66.39885375,80.33442415,95.39507807,125.2168372,182.8392108,133.9556251,103.389429,-2.236670745
1.827549304,12.45488979,26.60058585,72094.52407,22.46027744,4.768584182,1.098219494,20.88526647,3.801050222,3.8514542,3.002896677,3.073107776,73.92298051,67.48758889,89.05345205,93.73827087,131.9013811,185.8808141,132.6137047,92.65907758,-3.056104433
1.827280299,12.4341413,26.66736933,73241.02002,25.62058827,5.154266024,1.106181163,20.50873293,3.790356792,3.840903912,3.013213873,3.045867969,73.33422228,66.23891392,104.8217481,100.1896722,132.3566006,172.3272883,131.3460527,99.506898,-1.174243393
1.841513498,15.08744687,24.70318782,72172.54279,20.19547678,5.142331211,1.140995451,22.41837553,3.798796794,3.849568328,3.074285439,3.038593362,69.58180304,71.96811113,97.89216225,92.41168873,134.061879,187.2271335,129.6882854,87.34927048,-3.081267
1.841922854,15.13435905,24.61703596,71491.23139,17.69553607,4.763984538,1.198949264,21.39200227,3.801931173,3.852729463,3.131594285,3.072751845,72.47543967,76.3218471,80.20666582,99.00992563,132.988063,197.4330159,120.7782348,87.94930121,-3.7239442
1.841922854,15.13435905,24.61703596,69239.9812,16.976793,4.41913982,1.19826992,22.51163097,3.79259628,3.84308608,3.01181074,2.93758974,72.4777984,75.9154028,82.658774,89.8464912,127.6015468,203.531602,119.163795,73.869441,-4.44095278
1.841513498,15.08744687,24.70318782,70882.94795,18.2380171,4.115568525,1.194655345,23.63125967,3.817338359,3.866850515,2.898783584,3.091054224,75.46187773,66.69814029,94.24759644,95.64852289,127.0769807,167.5649938,132.2943448,98.27094201,-4.994950553
1.841513498,15.08744687,24.70318782,71624.24978,20.43866655,5.056723975,1.202495114,21.35915847,3.813012272,3.862739787,2.88127205,3.10543371,74.50062858,68.74129605,93.62797701,95.62162388,123.6650588,184.0676664,131.492284,93.83478554,-2.53017146
1.841922854,15.13435905,24.61703596,71879.2526,19.72502916,5.004973814,1.204751333,23.42950313,3.80875051,3.858761543,2.932452193,3.089836295,74.50484986,64.07452096,94.57000498,95.21682382,128.1335384,178.3618558,131.0232799,97.73189599,-3.03756954
1.841922854,15.13435905,24.61703596,70510.58642,16.25514874,4.454654818,1.203918571,26.98486647,3.807043137,3.857045471,3.057141868,3.050850875,73.0382697,66.09073695,87.4732561,108.8896499,115.7299138,164.3881347,123.2294764,110.524756,-0.517467054
1.841922854,15.13435905,24.61703596,70516.0196,18.86221717,4.218373411,1.199460481,23.77905747,3.80593921,3.856031616,3.137332351,3.062166541,72.55705791,74.29289633,92.52666988,96.22818154,121.9207352,175.9115274,120.5441943,104.1742364,-3.238123973
1.841922854,15.13435905,24.61703596,69737.31434,18.02072853,4.219840742,1.20686353,24.1274386,3.788285046,3.838633495,3.0982497,3.042715002,75.03637325,67.16751484,91.55214608,96.3199035,111.2239277,175.4807436,122.7305947,106.1103472,-4.023234133
1.841906005,15.13062663,24.62298811,69531.97876,17.71327527,4.107661431,1.199448663,24.45705187,3.783705436,3.834695856,3.172047337,3.035013034,74.9951542,69.22110977,94.35320703,87.30216188,99.62137858,184.0482561,128.9939268,107.568104,-5.98932262
1.841906005,15.13062663,24.62298811,69525.01125,19.6870468,4.691286996,1.205305133,23.102236,3.79226312,3.842252342,3.019209615,3.066479705,75.58824,64.78156962,73.28101313,73.27192882,131.3791711,197.1091315,137.0166575,85.53055925,-10.51055033
1.841906005,15.13062663,24.62298811,69169.65308,19.86806183,4.032614578,1.199121806,26.26816373,3.795752713,3.845987988,2.992157961,3.072675684,75.58533405,62.56125824,62.59700844,63.7505503,127.2237026,221.0505056,139.465752,78.10227188,-13.11244503
1.841906005,15.13062663,24.62298811,71112.86277,21.98916642,4.423434344,1.199269942,27.4118384,3.799957032,3.850059393,3.057585899,3.047217386,72.98183667,62.5188555,65.62336662,53.28038241,122.9615421,247.2809628,150.5889749,72.05666828,-15.50466173
1.841906005,15.13062663,24.62298811,70054.37279,19.93119452,4.344257581,1.200085186,25.25117267,3.788679157,3.839210128,3.051834381,3.010955292,72.14528271,57.15357937,48.38599051,50.28713721,106.7859725,253.3946929,160.4486502,78.59168154,-14.83669833
1.841906005,15.13062663,24.62298811,71945.20592,20.3529988,4.992271925,1.200941136,23.1210044,3.796883082,3.847225841,3.140020797,3.068569759,71.76774188,62.15109419,49.76562138,59.0006334,96.49036314,243.0463026,169.9942811,98.51584135,-14.8732125
1.841906005,15.13062663,24.62298811,70766.34432,18.03300209,4.831059946,1.197791574,23.20428767,3.797815568,3.848303283,3.146406827,3.05551865,71.374248,62.98656857,50.47549848,79.02888755,90.74560806,217.0567503,157.9972265,110.0200677,-12.59187737
1.841906005,15.13062663,24.62298811,68911.53145,19.06443121,3.981524755,1.197647021,29.60534947,3.798026581,3.848080631,3.143291977,3.061581669,73.02266677,65.13056751,70.39530382,74.66887929,76.4989002,213.4874309,151.0854646,104.9643895,-7.48457278
1.841906005,15.13062663,24.62298811,69023.61196,20.03196785,3.925807546,1.200030841,21.6700036,3.801214341,3.851101777,3.139340986,3.059093011,72.92937686,62.74409001,77.64720535,80.48439626,104.2620087,208.5340381,137.1505929,85.50129068,-12.78733447
1.841906005,15.13062663,24.62298811,68953.00951,19.28223323,3.762711809,1.2090963,23.89987653,3.785962951,3.836577287,3.053992179,3.052084834,75.10332642,68.7209218,68.85938504,71.73414342,114.6677547,212.3370702,129.6105337,94.10154593,-9.466839133
1.841496696,15.08373743,24.70910658,68231.27319,19.19956562,3.962043703,1.199299612,24.90748407,3.789081926,3.839258616,3.097279392,3.052529322,72.66057466,67.3253359,71.49714052,63.44554523,119.5348976,224.8661505,130.9444315,74.24555022,-7.174729993
1.841496696,15.08373743,24.70910658,69485.29083,20.71459714,4.537801287,1.196730066,23.97025647,3.795248316,3.845402039,3.145131644,3.052527112,72.65847,68.43189096,71.93541296,84.21096368,110.4144915,222.1178702,126.1446034,82.07694875,-1.608096155
1.841906005,15.13062663,24.62298811,70878.76265,20.55268148,4.972492813,1.205168341,25.90336087,3.797094651,3.847510076,3.015902648,3.091256509,73.91473383,68.90267705,81.55327042,89.04153521,124.4876854,211.46202,123.8475302,82.13702774,-0.332042054
1.841898955,15.13342334,24.61965738,70716.13855,20.44931275,4.554250616,1.203319727,24.29048547,3.799440416,3.849769863,2.92027935,3.055757372,70.25119454,69.7630309,78.49119191,70.73211276,119.929827,213.0036342,129.6437021,98.73106732,-7.168716033
1.841898955,15.13342334,24.61965738,69412.23307,18.81514751,4.090064,1.20897528,26.5168396,3.782573097,3.833661823,2.948692506,3.019786595,75.09586639,71.02035369,73.2369449,68.95353472,117.9231806,222.1698772,126.0567674,88.20327929,-4.460575087
1.841489362,15.08646636,24.70588269,69770.86866,18.69460868,4.445603569,1.199139351,23.68990927,3.778323336,3.829831308,2.945456331,3.0212758,75.0912454,67.66589117,74.14872471,67.62486432,119.8691839,226.9148139,125.8712986,85.83797348,-0.471785023
1.841489362,15.08646636,24.70588269,71043.87161,19.72716607,3.996848228,1.201122705,24.92155987,3.796207529,3.846237126,3.062973052,3.084939439,76.75084244,68.57488859,80.64708404,71.76518594,118.9167752,222.4288471,128.0798494,92.29028725,-14.666402
1.841898955,15.13342334,24.61965738,71349.53941,21.72645762,4.382813454,1.20056484,26.994251,3.799204114,3.84971538,2.998427357,3.077294415,75.75915,68.90870024,91.89502444,70.68939113,107.5259907,218.4336491,127.8671375,103.0301992,-8.20065378
1.841898955,15.13342334,24.61965738,72025.57395,21.17318266,5.046200719,1.199098469,26.39602047,3.79887163,3.849083618,3.075576125,3.10055602,74.01062634,63.83827406,84.47320621,85.93084915,107.85781,206.8323965,127.5099192,111.7772197,-9.6284444
1.841898955,15.13342334,24.61965738,71202.06599,23.01569237,4.659952414,1.199383308,27.08809087,3.785640346,3.835893178,3.002179317,3.040747977,72.9094117,63.46820823,82.31435599,83.51155554,105.0345201,209.2803685,128.026678,108.0065352,-10.12231887
1.841898955,15.13342334,24.61965738,72646.76946,22.21089559,5.863719472,1.186386095,27.36961107,3.795911705,3.845924457,3.074146402,3.087829079,72.9209275,61.74011375,69.81492167,70.29646476,115.6537227,236.6890929,130.9306395,104.2829159,-8.63410706
1.841898955,15.13342334,24.61965738,71745.32912,19.50213399,5.24667742,1.199185836,27.24644547,3.795649017,3.845454033,3.1161881,3.069261457,75.099945,67.52294702,63.73256442,73.51204443,117.861134,226.1595708,138.2493188,98.22359543,-7.4779186
1.841898955,15.13342334,24.61965738,69751.54548,18.8154208,4.160343692,1.199436594,28.45932827,3.794896499,3.845169498,3.136219503,3.071837739,75.0970346,67.66609665,80.09350462,81.32858042,102.3113019,199.5524082,131.34067,106.6464662,-6.1884088
1.841898955,15.13342334,24.61965738,70287.65209,19.12662469,4.135678322,1.198739036,23.41660033,3.795978172,3.846216795,3.116294436,3.086320759,74.68233603,67.60302936,91.50087206,80.66419368,89.97864677,209.7272755,133.9234366,103.0610211,-10.54038747
1.841898955,15.13342334,24.61965738,69010.12391,17.55588616,3.670374466,1.199444549,25.00015067,3.7835833,3.834773233,3.029874344,3.045535405,74.38151786,65.36839433,71.99843348,79.95955173,92.67260336,230.6178228,122.1912734,95.02309858,-8.74422342
1.84188208,15.12968632,24.62561719,69200.38961,17.45251993,3.922604033,1.202317811,25.34266673,3.774112149,3.825510021,3.092483024,3.046852363,74.38034969,66.56978302,60.80410506,76.93345091,97.64744006,239.8745387,123.726904,93.13175738,-4.282367273
1.84188208,15.12968632,24.62561719,69289.28085,20.33760881,4.416866593,1.199360362,26.113328,3.777492605,3.82828021,3.155002642,3.038646601,74.37716,69.48190228,58.29272242,57.55919832,127.6394143,253.7379952,122.7713296,72.38420567,-4.805614
1.84188208,15.12968632,24.62561719,69630.84676,21.36958445,4.912036849,1.200645866,21.78378367,3.786358403,3.837011942,3.094658758,3.078912244,74.37527313,68.76433987,57.40161962,72.52146935,119.5657085,237.9200307,127.8793978,80.3586919,-7.730002833
1.84188208,15.12968632,24.62561719,70310.17757,20.80105163,4.672406808,1.197322896,23.7133696,3.79172057,3.842383552,3.032018868,3.098992412,70.55627059,67.45319289,55.42375811,52.86316834,123.7395438,260.0578234,134.1820167,75.79618017,-10.19194213
1.84188208,15.12968632,24.62561719,68906.18403,21.69330008,4.641886898,1.199174706,23.17965487,3.778102913,3.829203238,2.928623282,3.014745536,71.58573176,69.69700249,53.19518472,51.0272008,121.8430454,253.5218427,133.1917574,74.84567996,-10.89594683
1.84188208,15.12968632,24.62561719,69934.4078,22.06995039,4.833503714,1.205788686,23.73096527,3.784775459,3.835467574,2.989866738,3.035152871,71.59288596,68.36499652,71.10632513,54.30840458,111.6474473,240.6235378,132.4339211,91.33032531,-12.27648057
1.841472534,15.08275237,24.71180903,69585.58964,14.88449361,4.185953552,1.201513557,23.678179,3.798070292,3.847107619,2.935969592,3.02997739,78.49982813,70.13813953,77.84982644,74.47369603,117.7992362,213.600166,136.1038661,79.38893563,-29.10754853
1.827522509,12.45282312,26.60723787,69371.76901,14.52273177,4.046978812,1.199396674,24.2951778,3.799869992,3.84941001,2.899019843,3.016763687,78.49826172,66.86888758,75.72846777,72.1069694,80.20402501,224.3035357,133.8299982,110.4562741,-27.12040767
1.827522509,12.45282312,26.60723787,69914.53626,15.63605453,4.22730038,1.19915014,24.68813267,3.802360202,3.851890649,2.903352446,3.027576539,75.14716893,67.97350428,107.6883069,55.74763079,55.96809556,205.2277532,138.6012541,145.2637186,-23.939606
1.815556201,10.33837642,30.11815277,70859.10908,14.88669408,4.416766692,1.215382384,24.4511866,3.788603105,3.838354773,2.894183006,3.02887086,78.54399444,70.78681045,121.8128338,49.18555451,46.29807751,198.6750335,151.0427678,153.5602716,-30.320322
1.815506659,10.33834974,30.12873191,71308.28444,15.2651272,4.264249789,1.194851428,24.2482578,3.797484595,3.846454823,2.95416656,3.06118089,74.08182119,59.61636617,136.4713874,51.18406745,56.73640928,174.9105651,156.7430648,151.9285729,-29.60634927
1.815404084,10.33829451,30.15063561,70937.27102,15.55428292,4.436066728,1.199224705,25.37785573,3.800982503,3.850256919,2.948982664,3.071807215,76.39189688,62.2017028,111.8144447,54.32558741,73.08561055,191.1425554,162.2546036,126.6330745,-28.8497816
1.815404084,10.33829451,30.15063561,68847.95116,15.20561335,4.304132942,1.194633318,23.95735367,3.779146834,3.828432902,2.885384476,3.037839023,76.64458081,61.09257214,53.37926132,55.98580746,109.4591896,194.4543002,155.2889689,118.5404369,-28.21915493
1.815506659,10.33834974,30.12873191,70508.64199,14.70115893,3.480891577,1.199196925,27.53793637,3.767530381,3.817015423,2.94339647,3.063536672,73.66272825,61.10806349,81.51184811,81.95632993,110.0976728,195.9923974,135.3101191,104.1379965,-23.99648547
1.815506659,10.33834974,30.12873191,66200.34292,16.90450817,3.343428411,1.198413584,31.11851907,3.651932019,3.702301926,2.86154151,2.9291379,75.0774427,67.78979476,92.51659503,73.94716373,104.9710711,199.0419982,117.5432348,80.82268918,-23.46032913
1.815506659,10.33834974,30.12873191,66676.23164,17.27089663,3.300844589,1.199004628,21.55153053,3.634657374,3.686025961,2.91625778,2.969879861,75.07553,72.38851449,57.43777745,84.13122297,128.689813,237.44218,90.9337338,67.81958008,-23.54627133
1.815506659,10.33834974,30.12873191,65805.60879,16.87045516,3.372993236,1.195513618,23.59255007,3.647529414,3.697858214,3.014403542,2.993021289,76.37901144,76.17013048,58.64979319,85.13057876,111.6690464,238.9595727,86.18341411,77.61510249,-21.33697507
1.813854113,10.33745991,30.48161407,65412.27454,17.61024753,3.591028804,1.199369406,21.912814,3.649650789,3.70022907,3.000012428,2.957042346,76.37900228,78.04292307,56.54139484,89.06752756,107.7461753,237.7217018,85.36604514,77.34116179,-20.49639987
1.813854113,10.33745991,30.48161407,66016.49637,18.19139615,3.886733286,1.200380211,20.3820492,3.649646856,3.699898392,2.983757725,2.93009069,75.70525895,76.33814447,50.71904291,74.13980101,120.4216742,236.8896681,105.6973946,70.96663501,-18.4375202
1.813854113,10.33745991,30.48161407,65751.1927,18.16909441,3.771316103,1.204752459,21.70284713,3.635651406,3.687498002,2.967369803,2.913205937,75.56383,73.27456982,43.20644927,46.63789346,130.3036792,239.4182902,135.7031116,59.18149364,-17.79612
1.813857697,10.33746184,30.48084864,65082.182,18.46682898,3.849555517,1.198070082,22.56852153,3.621612745,3.673801412,2.944421232,2.88602008,76.052124,74.83364094,41.53039761,40.50358731,113.1703857,253.6693864,143.5692515,55.33807069,-18.08793087
1.813857697,10.33746184,30.48084864,65133.91839,18.167415,3.88031773,1.199250836,21.19259207,3.614278853,3.66712218,2.93100675,2.863504335,78.48728009,71.33565995,46.76588547,34.64076894,109.0347218,250.932453,141.2713103,66.65739794,-16.09101727
1.813857697,10.33746184,30.48084864,66355.27705,18.66334201,4.06840472,1.199077331,22.01369233,3.608591084,3.661631663,2.959171514,2.88372756,78.48151241,73.45145489,37.7595893,38.76235609,99.99359385,261.6781268,147.2443851,73.98412523,-15.99834303
1.813857697,10.33746184,30.48084864,66088.68786,17.9595014,3.906896918,1.197067129,22.05709353,3.623064463,3.674851766,2.960283854,2.87841751,73.60128288,72.08646445,52.2611746,49.1849087,115.0809397,242.4920541,134.2919052,66.33293933,-18.53595433
1.81386646,10.33868012,30.48339027,66820.92577,18.84828439,3.899522025,1.199026916,21.54566567,3.615506701,3.66807103,2.968115465,2.863204305,73.32503785,68.75361027,53.85060478,44.03125944,113.2615008,252.0640322,135.7862157,68.37475606,-16.3490516
1.813827097,10.33865548,30.49178323,67486.25966,21.26723412,4.397230573,1.199249141,20.439526,3.608987907,3.661478216,2.99892929,2.879617265,69.72869,71.41555843,73.15065846,50.48502901,115.2076356,226.2096329,142.1322246,70.59294449,-17.28616947
1.815944272,10.83702786,31.84769866,66804.88075,19.83227422,3.969701889,1.20589999,21.43774927,3.606868613,3.659113812,2.988816415,2.850110709,70.17629494,70.29510361,84.92875824,55.28054994,95.18248362,199.2560258,140.3042542,98.44987552,-17.10581233
1.813736856,10.33739677,30.50665299,67100.70887,21.53597036,4.12158968,1.198829269,18.27885973,3.607280792,3.659455086,3.004223788,2.846749675,69.25422546,64.88256254,87.05050304,49.85588393,101.5418904,194.346385,142.0490201,101.7564019,-16.74824027
1.813857697,10.33746184,30.48084864,65945.71388,20.37991202,4.070600522,1.199014932,22.40195553,3.618023627,3.66955904,2.981861896,2.829807219,74.76591138,71.38492047,83.71672334,56.93924738,99.33950771,172.2202181,146.674129,105.7877093,-18.19106353
1.813857697,10.33746184,30.48084864,65828.51275,22.19283952,3.868531111,1.199101176,22.6588424,3.621385534,3.673274763,2.944082294,2.835667012,72.64866382,74.08981124,80.26750234,54.26174063,84.68137393,189.9273195,144.8037504,108.9490159,-18.35629453
1.835177232,11.52815783,33.53380595,67234.50828,23.23765633,4.166911179,1.199153022,20.5802862,3.626040828,3.676888048,2.929201791,2.846101583,72.64955814,72.29456678,71.54317492,60.83271341,84.71039507,212.1482024,144.2798294,101.2022233,-18.48171627
1.835177232,11.52815783,33.53380595,67518.33075,23.5180246,4.948822237,1.199392655,22.36676567,3.628907199,3.67969401,2.918153134,2.839718751,72.64914107,73.45006196,66.99714348,48.38710479,63.01746341,224.6346232,147.7565634,125.9510303,-15.0605973
1.83487048,11.51770967,33.53298795,66490.6711,23.12657304,4.743078399,1.198205081,22.2365622,3.629654859,3.680869095,2.910096912,2.808361937,72.64861177,71.65501215,55.82826248,47.67464247,60.64108895,226.9281595,151.2696493,122.1065911,-13.5046225
1.83487048,11.51770967,33.53298795,67312.68174,21.03746628,4.440475485,1.199326806,20.93805093,3.633054316,3.683373528,3.009530977,2.901557455,71.3730309,70.85231091,50.55944655,60.69320932,72.34885427,221.2408241,151.1666304,115.5056076,-10.4298615
1.835177232,11.52815783,33.53380595,67000.34597,21.71452062,4.580812722,1.203877988,20.76561993,3.623496564,3.675242404,2.960778346,2.913240005,70.03618303,73.00088643,48.00575074,69.0911925,89.58091295,210.4999942,152.4981437,98.12907971,-12.015598
1.835177232,11.52815783,33.53380595,66324.25193,20.67221397,4.323817571,1.199008267,20.90989927,3.629770337,3.680575257,2.917557299,2.857204883,66.86933228,69.87511626,49.16136208,64.816284,102.1655416,206.1408453,154.3472238,84.82317598,-10.0093556
1.835128205,11.52648796,33.53367521,66786.49508,21.58981529,4.471027603,1.193670936,21.5104756,3.631930865,3.683091889,3.04579729,2.912517072,67.64937791,70.77874512,50.60544846,53.37786918,105.0436591,225.1159724,152.7630893,79.3105965,-12.5613028
1.835128205,11.52648796,33.53367521,67130.85107,20.73743851,4.853143197,1.203553432,20.96972207,3.631572796,3.682667311,3.058756421,2.891267365,73.32346573,70.59506998,48.71498673,51.03110358,97.49888883,229.0766945,152.1433848,90.75139804,-9.521035267
1.835128205,11.52648796,33.53367521,65194.00506,22.30864556,4.162654821,1.206159792,19.085884,3.521855788,3.574000618,2.769573593,2.792431136,73.88891001,66.73582973,39.40285999,55.50528351,108.887402,240.0524582,133.7490676,70.90799146,-12.4213
1.835128205,11.52648796,33.53367521,66758.41209,23.29665178,4.714631468,1.199156144,20.2647488,3.53316855,3.585211469,2.767706066,2.776896871,73.32553206,73.96330251,47.89724076,48.31310637,115.7997035,251.0476998,145.1848237,57.09809656,-10.38724727
1.835128205,11.52648796,33.53367521,66513.90061,23.44436774,4.677255526,1.203321997,21.01195053,3.521127501,3.573997963,2.720908637,2.722324284,70.91616651,72.50991581,58.81799892,44.74575638,112.9848108,247.8339788,148.1405378,52.78867257,-8.466031
1.835228571,11.52990649,33.53394286,66008.72789,23.88358304,4.211733527,1.196185262,20.7961182,3.525505525,3.577779506,2.779725755,2.763214053,70.03617027,75.54714023,60.43881932,48.67336009,98.57897602,237.85576,148.085793,67.02105149,-10.99383387
1.835228571,11.52990649,33.53394286,65238.32149,21.20533978,4.231783337,1.20556369,22.32101813,3.536780637,3.588523711,2.736401637,2.721239262,65.66979093,64.1028381,92.81075168,72.10145795,96.0916486,175.186564,132.0383,91.30332584,-9.1089654
1.835228571,11.52990649,33.53394286,64782.0221,22.04819407,4.510695534,1.205117188,19.93161733,3.536579908,3.588105449,2.682693284,2.675886369,67.51513302,67.84992033,83.31852845,63.52411258,104.575492,179.7780704,134.1071764,87.83014983,-10.55150073
1.835228571,11.52990649,33.53394286,64485.81925,20.82897226,4.352530631,1.193438078,22.1849504,3.529242717,3.58103505,2.753979825,2.748072892,68.4394418,72.13898014,74.02174848,46.51869763,86.30891125,183.7263626,149.2325177,108.6728751,-9.965955
1.835228571,11.52990649,33.53394286,65081.28989,21.02220523,4.550304946,1.19943442,20.333956,3.529096208,3.581053902,2.772699814,2.764035303,71.23763574,71.66351798,82.60942987,52.53479183,79.21338361,175.9481565,154.3287527,111.388062,-15.00364953
1.835228571,11.52990649,33.53394286,65481.84881,19.05782945,4.325522605,1.199378613,22.152105,3.527977363,3.580178844,2.821207435,2.778039483,72.470571,76.47201594,83.28633045,64.32710207,81.50974948,164.798444,166.1521232,99.87549256,-17.725142
1.839313043,11.66902609,33.54483478,65435.18504,18.19782412,4.005758994,1.199080592,21.166786,3.528350612,3.580377999,2.796093391,2.741166036,72.46749688,76.38553544,81.89131429,55.41065623,74.8593732,170.4291722,169.5090313,107.3363069,-16.04174847
1.83906394,11.66054147,33.54417051,66823.74733,18.49957401,4.217073555,1.199580511,21.54214653,3.527402942,3.579517913,2.828146723,2.773928536,74.1226054,68.37791017,76.71721277,59.76860357,83.84472037,175.972699,174.0160513,101.7422174,-17.4515788
1.847818499,13.72989529,28.15366492,66728.75753,19.27480532,4.035753523,1.199471867,20.936878,3.521918171,3.574722324,2.812276005,2.759699656,70.69090076,71.61256418,65.8058895,62.64722234,84.26512559,182.4314337,181.9643828,91.67995025,-17.6911902
1.847818499,13.72989529,28.15366492,66551.29448,20.58274272,3.981794464,1.198262157,20.9063804,3.522738295,3.575414916,2.844006677,2.772004945,70.35915403,73.04846788,57.09300185,50.29054055,76.63900079,205.5074318,179.1480739,96.57308961,-13.70524093
1.847818499,13.72989529,28.15366492,66141.05968,22.93700213,4.331295839,1.199401656,22.1603172,3.522736152,3.575498512,2.837549826,2.767511385,71.17039878,71.18223573,48.46331068,45.90477058,74.52254171,227.6961124,174.8244905,88.01003812,-15.31553
1.847818499,13.72989529,28.15366492,66322.70179,22.71143777,4.260615943,1.196649678,20.3750114,3.523629237,3.57618681,2.860701585,2.788474166,70.11124503,70.80108884,46.03184632,42.98151083,84.21256432,225.7191054,177.9849579,83.69126613,-14.48335573
1.84735023,13.69660138,28.20543203,65590.97232,23.19622348,3.840266119,1.198986062,21.002566,3.524932333,3.57740644,2.875825094,2.80358313,70.92768732,75.60182682,43.05349199,46.06152577,81.3763326,216.1868158,163.819802,102.4962726,-11.61306893
1.817931937,10.9002356,31.64919721,64958.01745,21.80897672,4.009397189,1.206239544,21.63364013,3.51851143,3.571824123,2.816253292,2.780929773,67.29727229,70.84144644,46.17281646,42.04151934,87.39929701,228.9525845,158.7559878,84.04537776,-11.176349
1.817931937,10.9002356,31.64919721,64476.88743,21.19709548,3.935815392,1.197516931,20.13923753,3.510300121,3.563392234,2.797669702,2.726614007,70.3446829,74.80200717,43.6237694,43.88472358,72.49861332,220.7761577,172.4352357,88.82728962,-6.904381
1.817931937,10.9002356,31.64919721,65322.65749,21.41417924,3.820607013,1.198991932,22.61074913,3.52704494,3.578653532,2.900448521,2.81065316,70.58397613,74.39588107,68.23261287,61.84513639,82.59030927,184.6480395,177.3639903,80.91246171,-6.7509785
1.817931937,10.9002356,31.64919721,65106.62744,21.23671727,3.696551472,1.199463588,22.22248553,3.526492923,3.578369301,2.745492819,2.767339539,74.78665431,77.39385627,66.2901217,62.62657349,84.46269469,183.2275249,177.0933196,79.25179169,-5.222607527
1.817931937,10.9002356,31.64919721,65994.84271,23.32643305,4.082899638,1.205815127,21.2876056,3.526543066,3.5785072,2.761171948,2.78686185,68.66414224,71.87047662,65.48882983,66.66074039,91.24741138,177.0186569,170.0839977,91.14932603,-3.0964882
1.847274648,12.61751408,31.57023944,66172.04825,22.50609682,4.605585031,1.199371297,21.3626772,3.519783545,3.572696702,2.793021854,2.806737065,70.8822935,71.24904782,66.16171403,75.03528918,94.4576711,175.3447334,158.1757576,94.36752383,0.2454892
1.847274648,12.61751408,31.57023944,65075.49165,23.04113379,4.853423352,1.19943923,21.27587547,3.515696792,3.568740935,2.747494894,2.733152606,66.60770733,70.23302622,63.01121129,69.46069531,89.33889101,183.1561955,157.5002078,89.59297515,0.94687676
1.849204225,13.07096479,32.80323944,65653.91942,22.9478672,5.187653857,1.199460588,22.25650373,3.517957909,3.570683594,2.812907457,2.773700847,69.58339069,71.75161974,67.22468366,76.36832703,106.2204909,175.8527138,147.9215783,84.8527705,0.7839358
1.849204225,13.07096479,32.80323944,65787.12885,22.79741252,5.156791316,1.200412028,24.0171766,3.523149128,3.575119749,2.824832891,2.761254089,68.21299089,70.87539501,66.44443684,65.57658986,105.1489013,169.1869618,144.4541023,108.9238266,-6.406943847
1.849204225,13.07096479,32.80323944,66655.69482,22.72505315,5.287992294,1.199477107,22.39139873,3.530656947,3.581742455,2.888636337,2.784068327,73.60855567,78.26842572,64.13036862,60.25655252,101.4539506,164.7562326,158.050568,119.133768,-5.1297474
1.849204225,13.07096479,32.80323944,65806.57313,20.34328645,4.654643991,1.199191346,21.67000367,3.526599543,3.578467812,2.795336302,2.732983002,73.317665,81.11123062,64.43120822,61.18191554,86.34163964,172.0686648,177.8146359,97.64728825,-4.818029147
1.849204225,13.07096479,32.80323944,66406.40183,23.38847507,4.39876296,1.199446282,22.43831847,3.530114036,3.581190755,2.794360133,2.771788672,71.77181814,79.35339307,70.01691956,63.81808109,77.89466397,170.569712,172.2037978,111.9798138,-3.443644893
1.849215778,13.07160836,32.80308993,66918.53636,22.8823129,4.782624747,1.199438266,23.0740844,3.533626839,3.585166036,2.731815646,2.754222182,69.72869,75.70952097,74.60672576,70.11440095,83.19726042,166.7645828,173.5346567,104.190807,-2.4608092
1.849215778,13.07160836,32.80308993,67205.54722,22.88940394,4.773555803,1.199463386,21.90225753,3.533431168,3.584869072,2.729782889,2.768774466,69.72869,76.72477146,79.79059568,81.84264195,79.83627018,157.8098045,164.7544272,112.1831112,-1.229957449
1.848797763,13.04832246,32.80849953,67369.93149,23.39589996,5.017917683,1.194139349,21.5609142,3.534907377,3.586796929,2.705737189,2.743435336,67.10860921,73.92908689,85.72073976,88.91271287,89.70713901,164.7049505,167.1637805,82.79124193,-3.3671596
1.848797763,13.04832246,32.80849953,67260.72682,23.86848718,5.156883769,1.199489858,21.14098,3.525119126,3.577130306,2.674734725,2.721732483,71.70629,75.55617206,85.75359969,81.21881441,101.9077104,163.3647836,149.3018563,96.21890864,-2.352017487
1.849187412,13.07002818,32.80345702,66235.21217,24.4179683,4.922436733,1.19913125,14.9944602,3.51687165,3.569640307,2.699561623,2.720135187,72.4664052,73.80107913,83.43353663,73.55042137,99.40733077,168.0096853,143.441876,99.81424417,-3.6965512
1.873318459,15.35475575,29.98108971,66878.27865,24.72277268,5.069939649,1.199472028,21.738037,3.518181983,3.571092359,2.793027745,2.736339358,54.56915197,72.81104002,83.19021028,73.90140329,101.4205902,175.4278734,142.2122262,97.51586535,-7.84627588
1.873318459,15.35475575,29.98108971,67901.45537,23.79057804,5.286169912,1.205613852,17.1609908,3.518107335,3.570767029,2.845617298,2.733767591,55.030975,72.73337279,89.57411074,77.77793707,97.28453762,176.8927559,144.6074103,99.00054953,-8.995348867
1.873716647,15.38204486,29.9623046,65476.55973,25.28534113,5.028518527,1.199492507,21.2019766,3.514267367,3.567036073,2.449033153,2.603985753,62.01361,76.525774,53.426109,91.3439324,137.4846673,206.018656,106.057923,59.7609378,-15.27561297
1.873716647,15.38204486,29.9623046,66904.25095,24.58813911,5.002994932,1.198388377,21.41546233,3.511816831,3.564181062,2.592861693,2.679358146,58.30256,73.50021189,52.87839152,96.01293117,120.5562381,201.6478669,110.2469914,86.48677259,-19.58098407
1.873716647,15.38204486,29.9623046,65447.33265,17.78698233,4.169394819,1.200667088,23.9162992,3.520539302,3.57256572,2.607944236,2.68423128,62.30610032,74.74604121,57.45335903,77.25127253,108.8307953,206.8803371,119.6125911,84.52015735,-24.67451793
1.873716647,15.38204486,29.9623046,65435.64352,18.54720079,4.601666212,1.200555031,21.36385,3.528839501,3.580525415,2.611245474,2.69124265,60.43043449,71.7700428,50.80145351,60.2474053,127.5124502,226.7404832,124.0934991,63.63058477,-30.18829513
1.873716647,15.38204486,29.9623046,67082.07796,17.45594665,4.754282231,1.196899291,23.96321873,3.528541015,3.580100361,2.662634389,2.734831732,59.93202852,73.03039043,48.41928041,51.69967701,133.832126,234.7910359,136.828046,63.17308147,-37.15161987
1.873716647,15.38204486,29.9623046,67356.70078,17.61448755,4.626833382,1.19946722,23.3954866,3.530610433,3.581901808,2.670353111,2.716376628,63.35834465,76.90232578,63.8921659,68.53609678,116.7639773,174.3343057,164.1180429,86.90072326,9.238744067
1.89015828,16.29608552,29.75448146,67916.95806,18.08124221,4.508560329,1.199446366,22.68582133,3.520385036,3.57266602,2.626724954,2.684994954,63.49729236,74.86704166,76.38129683,71.0083264,83.43760473,178.8671643,179.210256,93.6712642,5.304974007
1.89015828,16.29608552,29.75448146,68236.61646,20.05943695,4.669746675,1.199428757,24.12157413,3.51269194,3.565188512,2.695164491,2.698490422,63.49577406,74.91597385,70.38098022,58.59576872,73.76473422,183.513441,190.9266744,107.3546732,1.188930567
1.89015828,16.29608552,29.75448146,68037.79922,21.33021982,4.962367726,1.199199525,22.8817124,3.509116446,3.561629651,2.741106575,2.689890839,64.10838512,75.63031042,67.72087875,43.23701392,64.83387543,180.1247207,198.1706773,127.7686788,-2.0397158
1.89015828,16.29608552,29.75448146,67989.98711,19.01048244,4.365632298,1.208797474,23.92099067,3.523818708,3.575787443,2.789147682,2.698734546,57.41182046,75.27659217,64.79185542,58.19352565,56.68356376,166.8266489,196.138691,138.3389146,-4.4133183
1.89015828,16.29608552,29.75448146,67825.23832,18.96600152,4.354222529,1.20230502,21.8013794,3.518018758,3.570793597,2.797446135,2.727245158,59.645374,70.99212397,61.7043572,46.34524704,47.3717024,191.6633436,187.3610412,144.2295069,-16.62608887
1.889439888,16.24854699,29.78384814,67056.57476,18.57645784,3.839478186,1.205882904,21.39200253,3.51164047,3.564794425,2.755137569,2.704374519,57.59372804,71.64843609,68.86459211,45.90923337,42.39943475,188.2328506,189.6888383,137.4278,-16.9941744
1.889439888,16.24854699,29.78384814,67989.71728,19.10088371,4.561449391,1.199190794,21.06004313,3.521999324,3.574336781,2.821009825,2.713243646,55.89169489,69.37946413,62.90140236,44.96620719,42.75835559,187.6318375,190.511678,151.7724092,-14.62452607
1.87366966,15.37779537,29.96726843,68858.77627,19.11957797,4.782779555,1.1992108,24.82420187,3.527530914,3.57931534,2.858017873,2.730633901,59.98019941,74.60330602,77.74742147,68.16977695,59.6922744,177.8138395,181.3127643,127.343548,-18.52277227
1.87366966,15.37779537,29.96726843,67719.92952,20.25716432,4.706648228,1.197792942,23.7544248,3.526614531,3.578349159,2.834352947,2.726927781,60.817287,74.09300083,76.75153811,66.82110892,75.04511249,177.4002114,180.5558582,104.1418187,-19.60157933
1.87366966,15.37779537,29.96726843,67948.84745,19.46637345,4.030267221,1.199452712,22.9145566,3.526347185,3.578337331,2.830000619,2.75288495,63.79852525,79.33009144,87.83475871,73.83342299,74.38167297,162.653907,167.9792626,118.4121681,-17.1546354
1.873082513,15.33756446,29.99494609,67991.07174,19.59000715,4.181672322,1.199418443,24.77962667,3.515850517,3.568492031,2.718180412,2.730315679,63.45260715,78.14287186,81.25839146,72.24631231,75.90037526,162.9303568,165.1722618,126.6455777,-15.45894463
1.873082513,15.33756446,29.99494609,68662.38709,20.72589045,4.641562081,1.199461126,23.34152893,3.509594234,3.56210928,2.705565371,2.740632776,63.79264326,79.75805482,83.25361966,79.35374412,77.64258465,165.5865946,168.0655413,117.4166169,-15.68519533
1.87366966,15.37779537,29.96726843,68042.2062,19.03804311,4.602272146,1.196440019,21.44009507,3.510382398,3.562869848,2.730858188,2.689283229,61.52767718,72.87392543,82.86880754,79.57449608,95.72517225,189.3207433,142.5021443,95.08836242,-20.453854
1.87366966,15.37779537,29.96726843,68142.16537,18.79147678,4.245824305,1.200879141,22.8183708,3.51110363,3.563332238,2.799546578,2.684842193,64.10305266,78.92126199,92.50115044,83.6164205,125.3193986,187.5647246,125.4157018,73.51615048,-22.863085
1.87366966,15.37779537,29.96726843,67872.66902,20.68739405,4.742503719,1.187007303,22.2905204,3.510258627,3.562188797,2.880968357,2.703701092,62.93481255,76.08271002,70.38158992,86.21078571,118.2325124,187.2396525,124.0206594,94.73549132,-23.2651962
1.87366966,15.37779537,29.96726843,68423.82741,20.06950813,4.881362526,1.198690998,21.36854193,3.51523674,3.567946244,2.910177435,2.745133339,63.86750669,74.02569605,70.30207612,89.07730444,120.3543652,186.1630285,128.930731,91.52265296,-23.85600627
1.87366966,15.37779537,29.96726843,66683.1887,20.01273191,4.322115765,1.193289136,22.71280067,3.515893853,3.568602427,2.852453822,2.688252276,62.59980634,77.1466025,70.10352964,69.70978065,107.0917237,188.26282,133.323041,100.6792463,-22.78700153
1.873664303,15.37794326,29.96614657,66537.12983,20.45521944,4.397288813,1.199448116,23.00839673,3.514161038,3.566186433,2.907073616,2.700287441,59.92674962,73.03061163,68.9696558,59.13943256,101.9330301,199.8301236,138.991324,98.72212057,-24.8409358
1.873664303,15.37794326,29.96614657,68033.69548,21.73969303,4.908419504,1.199291825,23.9761214,3.523472837,3.575698574,2.928886048,2.746892323,59.92764451,72.90408341,47.38381792,41.54506892,74.26678523,230.5674466,157.9830183,126.1762147,-25.00956887
1.883356974,17.0906383,27.12231678,68197.53731,21.01720848,4.628928415,1.200488253,22.56148353,3.511121299,3.563367815,2.917430423,2.781709383,59.41722788,76.44965689,42.10023635,43.67669905,71.10629285,235.5945433,168.8755793,117.1354162,-25.48691767
1.883356974,17.0906383,27.12231678,67710.80287,22.17575144,4.520080306,1.198755085,23.6992936,3.505340009,3.55752644,2.737219579,2.718025175,60.22934884,72.78737999,43.62453139,43.95406762,66.73321116,213.015233,169.2536723,137.4344035,-22.736345
1.883356974,17.0906383,27.12231678,66664.1637,20.12868399,3.705795315,1.199144609,22.30811533,3.514094478,3.567012023,2.706412539,2.691546892,62.9433242,74.00730831,50.95108517,51.46958049,55.87471789,215.3885286,153.9645263,137.4698571,-23.8836068
1.883356974,17.0906383,27.12231678,65505.73785,20.63557034,3.712201569,1.205896755,22.99783973,3.519973792,3.572264781,2.71510472,2.65713751,56.52028,74.27946804,41.27529405,54.43886802,63.96208295,219.8898371,132.9581985,139.230644,-20.25477947
1.883356974,17.0906383,27.12231678,66205.58134,18.4702363,3.901383567,1.193844694,23.7966526,3.518668389,3.570977205,2.744140255,2.684542853,56.52028,67.54372363,49.5111249,61.66633152,64.34880339,250.3525939,132.3215219,102.2071196,-21.5910318
1.883356974,17.0906383,27.12231678,66410.00472,20.85221092,3.965221176,1.196716974,21.24537727,3.518028375,3.57076083,2.868670876,2.721266027,60.8380653,73.74198829,46.04426704,57.69067565,87.43287926,246.4990454,124.1670474,99.86177294,-19.8259556
1.868623291,16.4915983,27.13052334,65906.07766,20.44263803,3.944142587,1.205773896,21.83774253,3.510268611,3.563438052,2.822946254,2.704716144,57.83868,71.78683936,47.47537387,55.10253491,92.0446985,250.4086311,125.1029724,86.79982362,-21.7249434
1.868269231,16.45980769,27.16307692,66022.89018,21.67186922,4.467989325,1.19945021,22.3116334,3.514524737,3.567465406,2.895295343,2.713110728,57.67859769,72.4368869,46.28889121,53.84032562,88.60041279,214.5565371,142.3354251,112.2827763,-21.816738
1.844047619,15.66452381,26.19238095,65748.76577,20.61411233,4.815888886,1.20045261,23.1960772,3.511606592,3.564276063,2.892438677,2.680321851,58.60595796,71.02527917,49.64602673,50.24991478,83.75866288,221.0065948,137.5034695,113.6096725,-23.70566633
1.844486804,15.71771261,26.1201173,67987.02935,22.2572482,5.25119696,1.203060677,22.10635873,3.513104589,3.565886206,2.972283564,2.728124459,60.23133,73.14738503,42.60894296,42.89005807,66.28578863,226.5677586,168.631559,129.3617891,-20.34186533
1.844486804,15.71771261,26.1201173,66859.22609,21.84339769,4.215254494,1.18974316,23.97377587,3.508335647,3.560655633,2.915117587,2.661718121,62.599567,75.97244897,46.13794809,53.11349508,71.70497744,223.9961462,162.6349084,108.5314332,-21.38038227
1.844486804,15.71771261,26.1201173,68376.34744,22.09758531,4.440304209,1.202122129,23.136254,3.506962049,3.559619025,2.858633033,2.713966431,56.77267815,70.91717311,58.31183541,62.22857103,83.30386882,206.9092199,162.4004803,110.245541,-19.87789947
1.844047619,15.66452381,26.19238095,68384.49195,20.43076343,4.174463407,1.199069727,23.9702574,3.514216651,3.566789161,2.922613603,2.758414199,61.28154648,77.91779644,61.40000715,74.10027294,105.459032,194.7436651,155.494295,92.88990869,-20.71769207
1.844047619,15.66452381,26.19238095,66972.28384,20.40886164,4.057829332,1.198924041,22.6893406,3.512261792,3.565185808,2.867776135,2.710529434,58.23193648,71.53647193,88.94940728,73.08029398,100.2162658,190.6956258,145.4107593,77.43456633,-18.08611167
1.844486804,15.71771261,26.1201173,66408.51487,19.46100654,4.263706365,1.199100313,24.51335593,3.507327729,3.559710559,2.902081357,2.69201048,56.52028,70.82212392,69.27077224,79.0717985,107.9039987,187.4184141,133.3428784,89.3093662,-18.5701432
1.844486804,15.71771261,26.1201173,66190.51209,19.9275881,4.055972263,1.193343695,23.43595537,3.504252126,3.556458364,2.976071589,2.66194131,57.42076881,65.52284963,83.78019173,91.65630431,78.1055662,192.275439,127.2738723,93.85883197,-20.10340833
1.844483568,15.71568955,26.12443075,65999.52497,20.10781738,4.034326911,1.201548348,22.3585548,3.527257869,3.579008501,2.842974614,2.707589019,62.01361,71.57794954,51.5420782,56.8455903,74.97193514,197.4328699,180.1117751,97.82639467,-22.8831628
1.844483568,15.71568955,26.12443075,63755.36587,20.72502628,4.352193086,1.199153201,22.71749267,3.35909038,3.414876059,2.686573021,2.579492536,62.01361,72.53320876,44.38274827,59.98574614,63.69205102,193.4076109,177.6398925,96.13539641,-18.812429
1.844483568,15.71568955,26.12443075,62830.3447,20.56316607,4.313315532,1.199174557,22.5110446,3.351148458,3.407839266,2.701813886,2.55484691,62.01361,75.22157648,49.23525694,56.92363232,81.17923449,193.743706,168.7893559,77.32500184,-19.107206
1.844483568,15.71568955,26.12443075,62127.90549,20.22016726,4.213016562,1.199434711,23.02364587,3.296011136,3.352450024,2.66395,2.524299727,63.16389466,76.18679885,49.5166221,57.78373116,79.94437862,171.7736188,168.1452039,93.08087864,-12.29775
1.844483568,15.71568955,26.12443075,61684.5423,19.3445486,3.919344427,1.199182209,22.33392093,3.276205312,3.331869941,2.598524651,2.455333324,59.83235182,70.59538545,48.45066804,78.65683843,114.3891574,180.809855,115.049636,78.29396519,-18.5578302
1.844483568,15.71568955,26.12443075,61770.48677,21.14802065,3.909423458,1.202023397,21.46824727,3.277070566,3.332998584,2.611452267,2.491742021,57.39921,71.58851655,63.55008032,63.72597704,116.2325179,190.6430239,111.8167668,73.6231297,-17.95430953
1.844483568,15.71568955,26.12443075,61905.41119,20.18421813,4.002134281,1.206254594,22.04770913,3.263835446,3.320266324,2.514973684,2.476569272,59.63830193,69.01266566,73.29042313,73.02819465,111.204344,170.4675077,106.0065122,88.75354466,-17.83722493
1.844483568,15.71568955,26.12443075,62489.71038,19.92817968,3.955088458,1.208892118,21.88935433,3.255136021,3.311916231,2.483380629,2.434738324,59.63748125,71.31438225,80.89635722,79.32765587,114.4598291,164.789113,107.7561242,83.01221845,-19.85765573
1.84404416,15.66248983,26.19669378,64109.90935,20.63997831,4.142703289,1.202142651,21.77909213,3.254254516,3.311078846,2.592259012,2.463013722,56.51369752,69.2303419,86.54020091,76.08922682,103.6394214,156.7121871,113.1434837,110.895646,-20.3226862
1.844185369,15.67958613,26.17347129,64664.66587,20.29116504,4.173952594,1.202226089,25.71802633,3.255926919,3.312742718,2.615474646,2.471976923,61.01962205,77.38255603,99.09911444,90.32087035,89.10437619,153.6186775,108.3548032,114.5764511,-23.3767624
1.844446727,15.71449075,26.12292926,65750.5664,19.40882612,4.394208321,1.199408943,23.23595847,3.253301649,3.310246399,2.612165428,2.466215072,61.82371421,76.8979724,115.1231194,91.24635,87.47620035,152.7109704,104.8527,117.5878739,-28.32562
1.844446727,15.71449075,26.12292926,66384.72305,21.01336414,4.689420219,1.199415677,23.1573668,3.257933019,3.314921207,2.617376492,2.471452784,62.14683906,76.56787375,109.8381295,83.76336309,75.9630181,150.3572912,124.5943396,129.751937,-29.90643927
1.844446727,15.71449075,26.12292926,66531.53195,18.02948601,4.060351131,1.204661078,23.7262724,3.267316952,3.323789152,2.605805329,2.455315878,62.15067667,73.46769026,108.7821016,74.55339937,73.1448353,150.8310412,133.096467,135.0031776,-30.01991973
1.844007556,15.66128742,26.19522813,66960.77989,18.74443765,4.163643675,1.188868832,22.16266293,3.272133073,3.328116839,2.632462929,2.495538749,60.31703889,71.00386322,107.5468268,62.29378112,63.52652917,160.9227425,144.480541,140.5355212,-35.81629927
1.844446727,15.71449075,26.12292926,66299.43389,19.3081808,3.75159227,1.202291621,22.2752712,3.275771165,3.33161272,2.57566643,2.478618711,61.70009886,70.17665682,109.0230693,60.33743226,52.007191,171.8544618,144.0991606,135.7374292,-35.32938593
1.844446727,15.71449075,26.12292926,65546.05064,18.32742312,3.573058818,1.205848775,22.8265822,3.262283066,3.318954915,2.467724089,2.469314876,57.40332836,69.90630048,102.1833244,53.72787304,49.93210554,177.5461279,142.7540263,138.3287707,-30.80908967
1.844446727,15.71449075,26.12292926,67162.95759,19.88867505,4.248027995,1.205459952,20.4219316,3.252238284,3.309279765,2.503427497,2.494672875,57.22570749,66.42946877,92.1578425,52.51240926,47.50303598,188.2535334,146.9692106,150.9613404,-27.80297107
1.844446727,15.71449075,26.12292926,64821.16052,20.93464875,4.311840116,1.208662136,22.5204282,3.25280069,3.309699298,2.517893449,2.479793672,57.23642686,67.61918671,57.39471054,49.72351439,52.00113042,197.69551,151.7375862,139.6740068,-24.79409947
1.844446727,15.71449075,26.12292926,62964.6065,17.83638689,3.921171741,1.19831339,24.50279887,3.257149433,3.313636902,2.530944014,2.425382329,61.26618121,70.74065552,89.53271723,55.27736673,56.28392985,183.1415373,136.4517604,116.1266111,-23.21293553
1.844446727,15.71449075,26.12292926,64238.36059,20.57071812,4.393291682,1.195314,22.1884692,3.272193075,3.327880007,2.590203871,2.479635831,58.42223268,73.94729957,90.87413945,61.50400303,52.66736531,167.2300736,139.8623028,137.2383855,-16.20518647
1.844446727,15.71449075,26.12292926,64567.74287,22.00065734,4.557046221,1.148088576,21.59845,3.272241742,3.32801828,2.569463896,2.494659524,61.54940445,78.2577923,90.72542448,93.94843967,88.91156764,163.8896368,111.3239704,103.7029044,-16.18535787
1.844443465,15.71246402,26.12724816,63902.74072,23.87345577,4.601649449,1.00949304,21.4506526,3.274976955,3.330876972,2.622291432,2.491156638,60.817287,77.03902934,91.9098423,92.24965406,89.27011547,167.3126125,106.6095532,98.83513262,-12.936755
1.844443465,15.71246402,26.12724816,63768.70173,26.17454384,4.809404125,0.99953279,21.16092147,3.276267518,3.331445056,2.604356756,2.500776554,60.817287,75.25580373,92.100638,95.02458117,93.87140307,162.1539383,98.6625405,103.0826958,-10.11582127
1.844443465,15.71246402,26.12724816,62895.07838,23.05662459,4.45684674,0.997603123,23.67583367,3.27612839,3.331601213,2.553119119,2.472997647,60.817287,71.89668677,90.21897764,93.92721601,96.8206899,162.183092,98.48319814,94.24652613,-7.60847512
1.844443465,15.71246402,26.12724816,62949.49927,23.09246015,4.43167555,1.0858068,23.0764302,3.277339993,3.332659212,2.575653462,2.507858739,59.64581678,75.3066519,73.00685232,87.27572729,93.27493804,180.5979777,102.824543,96.06606957,-5.324280473
1.844443465,15.71246402,26.12724816,62877.24796,23.82792727,4.518572439,1.00184535,23.73096447,3.266056556,3.322543799,2.492922625,2.481872097,59.33490613,71.63340504,66.24137282,90.82188959,91.74666806,193.1385584,102.8170226,86.02799205,-1.002097834
1.844443465,15.71246402,26.12724816,64001.24149,24.75583017,4.47392751,0.997935534,21.4483062,3.253175334,3.310218993,2.530025186,2.495503784,59.33025267,72.36839099,72.36877004,93.97947078,95.65734134,206.7319747,88.92213648,85.45914498,-2.5244415
1.844443465,15.71246402,26.12724816,63511.56476,22.49526444,4.48986925,1.016846757,24.2541232,3.255212277,3.312125219,2.558276762,2.462620115,57.95817156,69.64270569,85.27940814,100.2075751,94.9793258,198.7975978,79.08713881,82.76249387,-2.236401893
1.844004071,15.65924978,26.19954638,63499.56843,21.57664202,4.003599541,1.048360315,23.99723647,3.265537019,3.32221338,2.607836079,2.479938658,61.54973,70.53658346,89.71650515,102.0703979,95.56113939,183.6792666,84.04955819,86.84821868,2.4678648
1.844443465,15.71246402,26.12724816,62467.57807,21.6035358,3.87417735,1.102027378,22.68934033,3.276282473,3.332712896,2.552675568,2.492909212,61.83081025,71.13305337,87.91710945,102.019154,92.55961286,176.0207795,85.87857248,86.91343389,1.925378036
1.844443465,15.71246402,26.12724816,62626.11568,21.84428635,4.057664397,1.197104515,22.58142427,3.269937916,3.326429703,2.500656715,2.48142623,57.83868,69.64526195,82.02789369,92.69841935,93.44286257,188.2088693,88.78005308,86.34750123,1.506867
1.844443465,15.71246402,26.12724816,62257.45012,21.66299339,3.944788928,1.199447744,22.177912,3.273924215,3.329756697,2.500621158,2.472244923,60.963776,73.51726093,81.90624572,85.98301125,85.3231587,191.9405241,88.99450961,93.79517042,-2.6570282
1.844443465,15.71246402,26.12724816,61645.04782,17.54091554,3.689503508,1.199052863,24.3010426,3.272760996,3.328517017,2.489884191,2.451598039,60.963776,68.04143544,78.27914184,71.30411873,72.67041097,201.8253282,98.95854352,98.27516214,-6.454853467
1.832111079,13.55775807,29.68895028,62001.18544,21.26402814,3.860537452,1.202424607,21.78026507,3.275323891,3.331347563,2.505078158,2.433306376,60.96093393,70.57842846,73.88050082,63.85131006,67.72047596,215.5892101,107.0370996,95.91789906,-5.598580607
1.832111079,13.55775807,29.68895028,62119.73646,23.6294945,3.93766621,1.197906459,20.97676,3.27275082,3.328906516,2.571392314,2.47918471,62.59972151,72.55524611,67.16235351,50.27781488,54.68638743,213.5220176,116.8288722,121.1852153,-5.30576
1.832431718,13.58998825,29.65149486,61107.31798,18.47772412,3.589812433,1.199508241,21.68407927,3.268424293,3.324061009,2.395269858,2.401345461,61.26836485,71.19255319,65.35433419,51.29723905,52.06770986,202.7199274,117.0607912,124.8510606,-8.872741
1.832431718,13.58998825,29.65149486,62659.15156,19.60624788,3.786968565,1.199572505,23.8236312,3.272629618,3.328019982,2.470291508,2.470163601,62.89820213,75.79869288,66.858198,49.71592824,53.55760124,171.9887298,139.8453129,147.0069064,-7.906793853
1.832431718,13.58998825,29.65149486,63892.45532,19.98854367,3.8956802,1.198303847,21.29933547,3.271892692,3.328258813,2.49398069,2.451933576,62.89247693,78.40835379,76.18090767,50.74497021,48.80546897,170.4134785,146.5164806,150.320898,-7.249203153
1.832431718,13.58998825,29.65149486,64365.93583,21.4500962,4.074412303,1.199142235,21.90577667,3.275749021,3.331743319,2.551258778,2.448734075,60.74722621,73.63418661,74.96057754,53.53948722,50.99909889,173.5744222,147.8995354,146.2445718,-5.30167004
1.832431718,13.58998825,29.65149486,64943.34707,20.64972107,3.968463664,1.199001027,21.41780813,3.27635023,3.332081014,2.637017453,2.494829785,61.25207698,71.99939736,78.47152808,54.2702208,50.07269232,173.0531976,148.1132107,149.9617211,-17.827902
1.832431718,13.58998825,29.65149486,64259.7493,20.88926593,4.014221136,1.198656851,22.191989,3.267252316,3.323907322,2.586485249,2.453601723,61.23226825,69.86625072,68.92593047,53.64533087,53.65314373,165.5806681,153.2312389,150.1697617,-15.668659
1.832441246,13.59094595,29.6503819,63580.43671,19.97958791,3.931757213,1.195148088,22.46295107,3.261197118,3.317582399,2.569894036,2.404797925,61.232338,70.3996632,84.0637946,66.58481491,58.77294302,146.5188934,145.4307755,140.2132291,-13.60629853
1.820425969,11.46784665,33.17566392,64608.53071,21.00652014,3.913671242,1.199043018,21.4917074,3.270723261,3.326859932,2.581948694,2.410165296,61.23193446,71.58112203,95.12950625,100.4743994,89.63772187,145.1485202,113.2919718,110.1703732,-20.555658
1.820425969,11.46784665,33.17566392,66338.47923,21.47005888,3.999776321,1.199060285,22.35972753,3.272841512,3.328880929,2.640891202,2.466090943,60.21192166,71.30326083,100.048707,107.8436237,93.50456243,150.1422767,111.2450952,108.9005401,-23.34218
1.820425969,11.46784665,33.17566392,66697.01435,21.7276191,4.192536745,1.202091822,20.92984047,3.275887108,3.331636575,2.611343128,2.478375504,61.2382729,75.14075146,98.44023463,104.2906154,95.60487919,168.7144139,103.5206733,104.3429522,-27.09549487
1.820425969,11.46784665,33.17566392,65727.36362,22.48439605,4.28028346,1.192763353,22.1263004,3.266978675,3.323831984,2.55552016,2.444477174,62.892544,73.97742216,62.44308962,99.54832676,115.2808948,193.5203662,103.7041145,83.80660284,-30.56608987
1.820425969,11.46784665,33.17566392,67279.05919,21.7899647,4.016906959,1.199027083,21.4788042,3.273231198,3.329156697,2.566815337,2.481536604,58.193661,70.43555689,75.70269586,82.85843109,100.5065914,205.0325816,118.1087642,93.84586992,-34.2724666
1.820425969,11.46784665,33.17566392,66999.41533,23.62283487,4.160135518,1.199000036,21.18438087,3.273715032,3.329717497,2.535094979,2.49790357,57.61244484,72.59981494,60.01679782,70.19300494,96.67541456,229.640478,119.7712448,94.00567712,-36.7114614
1.820425969,11.46784665,33.17566392,66838.63123,22.64855156,4.032793689,1.199010678,21.56091393,3.274816915,3.330628854,2.528968327,2.483963933,56.93201605,68.52086685,50.57422568,55.86297344,90.99513715,242.5234404,128.1034807,98.6130984,-39.4684988
1.820223967,11.45659395,33.17827807,67030.75847,23.0022232,4.342281256,1.200518998,21.6875982,3.276349803,3.331910077,2.499970765,2.463769417,59.30363938,69.00915043,46.02447851,45.04759311,78.06345161,250.6987221,159.0487613,88.84673123,-40.12010573
1.820425969,11.46784665,33.17566392,66581.92299,22.77140351,4.58946943,1.208555629,21.52924367,3.265589575,3.32241776,2.483235052,2.463646932,57.55759113,73.79512699,35.97462174,46.03492823,75.35633855,227.5264472,185.6693345,90.77101788,-41.50389533
1.820431972,11.46818102,33.17558625,67393.24575,22.75313698,4.639231334,1.202800031,25.8271158,3.265115767,3.321974082,2.498694818,2.467813083,58.05841,74.91423193,47.0797878,44.02555522,70.45339436,239.5646416,182.0886128,88.17616158,-42.63189327
1.820431972,11.46818102,33.17558625,66086.41585,21.13595477,4.106316395,1.20504978,23.1421186,3.270824313,3.327469267,2.459208965,2.453110238,60.48880751,75.01231622,44.85025016,44.54132854,58.35662244,240.0144992,163.3826462,107.1299338,-43.04893627
1.820431972,11.46818102,33.17558625,66702.02871,23.13166329,4.118912993,1.186486656,17.28767493,3.274401898,3.330193163,2.443460761,2.467367201,54.41257816,69.50653239,40.08978343,53.81023576,51.93631595,225.9530234,145.2660979,146.4557346,-39.31938507
1.820229852,11.45692173,33.17820192,65624.82089,22.78435638,4.156960639,1.195033795,22.65884207,3.271706993,3.328509151,2.434061184,2.461344339,54.420605,73.49540463,43.14511094,50.96429856,48.48473715,233.7046815,145.2644201,131.7690184,-35.4723568
1.820229852,11.45692173,33.17820192,66345.8882,17.22303927,3.476613291,1.065984633,21.53158907,3.264832988,3.321915329,2.435434449,2.456848135,60.69890522,72.14843104,69.01127813,69.36369922,81.65058921,176.8691031,137.8707164,130.5207972,-32.87003033
1.820431972,11.46818102,33.17558625,64752.44963,22.55621552,4.297672172,1.001204701,21.58437447,3.272841709,3.329217927,2.509881531,2.455516273,60.79287,75.42691035,85.84957867,64.11819186,65.29967198,152.2799399,143.539439,142.2318355,-28.15843247
1.820388007,11.46573192,33.1761552,65069.79282,24.16963234,4.572049513,0.999189424,21.766189,3.273845298,3.329957837,2.569658551,2.45726166,60.79287,76.87487627,94.75220419,76.59785198,63.43632827,138.2091745,140.2736118,144.940446,-24.7739936
1.8,10.33,33.44,63990.55539,25.47625075,4.408683137,1.001280454,21.24889627,3.274011641,3.329659315,2.624833922,2.475955363,60.499893,75.30981851,92.75584153,76.27297862,75.21635632,130.6993903,136.3398403,135.9760667,-23.70394293
1.8,10.33,33.44,61903.88934,26.07154673,4.480945302,0.999144612,21.10930907,3.275314959,3.331474591,2.565628746,2.44633087,60.499893,76.06755797,94.77197293,84.02753792,82.65729155,124.9228886,123.2242765,117.5507148,-18.62269493
1.820388007,11.46573192,33.1761552,64178.76058,25.88483803,4.357852748,0.9985792,20.80784813,3.272595342,3.32890783,2.556404711,2.477787693,60.59502549,71.99860428,93.44178801,90.53489619,88.65063117,128.3561601,124.7438339,123.5024707,-11.18911937
1.820388007,11.46573192,33.1761552,63705.75684,25.8034234,4.541183802,0.999166345,22.16500953,3.267078328,3.32413621,2.5024897,2.447411957,61.80947381,70.46899553,99.59145098,104.2581311,101.0277071,117.1951667,112.0734258,111.7017071,-6.27795612
1.820388007,11.46573192,33.1761552,64679.59627,25.28498267,4.41768821,0.997977787,21.60079633,3.265828843,3.322924437,2.533205165,2.454555602,61.71624074,72.85158885,100.9224051,115.9975755,116.2609281,120.2935778,104.6234136,97.49454023,-3.462262949
1.820394002,11.46606586,33.17607762,65330.71694,25.72719388,4.414315994,0.999109933,21.03071807,3.272538073,3.329059116,2.561105368,2.443316595,62.135685,71.98499112,93.48149722,121.1975064,123.0268819,125.5833661,97.27152863,99.94274881,-5.614808453
1.8,10.33,33.44,65139.58134,24.12015587,4.275822251,0.960792515,21.85416433,3.27027048,3.326749342,2.558086929,2.462787389,62.135685,71.89076434,87.74310096,118.9655488,121.6330837,129.8996655,104.7439869,94.53884435,-3.1949654
1.823174073,11.62093218,33.14010023,64331.58307,25.7086869,4.629888685,0.904310439,21.1820352,3.259400603,3.316792701,2.615841748,2.465413273,61.99454291,69.49731505,85.56707104,109.4443947,119.1055294,133.9530595,107.5594049,93.44467688,-0.278574957
1.823174073,11.62093218,33.14010023,63251.6141,27.54180663,4.92960957,0.901754007,21.77791933,3.26466236,3.321951531,2.692963726,2.48237302,61.99413154,73.01150775,79.13020881,95.57228353,120.1348793,129.4971767,120.0250119,92.83029358,1.715564613
1.823174073,11.62093218,33.14010023,62472.63625,27.19657354,5.140987694,0.896289466,22.25767653,3.271260671,3.327435583,2.720766698,2.468835166,62.00097627,70.59950662,85.21793348,91.10190111,107.8367876,132.1910476,115.1084935,99.26035371,5.76712934
1.823174073,11.62093218,33.14010023,63952.04437,26.3565512,4.98918203,0.896001455,21.61721827,3.271554395,3.327807398,2.787204023,2.507536565,58.43797276,69.95616621,90.4967607,103.1109973,107.7791086,125.133153,112.6575441,107.2565117,10.38828247
1.822997347,11.61108753,33.14238727,62093.59347,27.97294579,5.21736928,0.90148306,22.18025867,3.270041795,3.326320229,2.722973328,2.435995526,61.69622,70.25923695,94.8481654,106.4760471,109.9493811,113.3519572,107.472228,96.87883369,11.658471
1.840384279,12.57964192,32.91737991,63231.02462,26.10060481,4.981946359,0.901487219,24.0758264,3.258925577,3.316026215,2.671530786,2.429085966,62.55918224,70.80091655,96.37184187,106.9213527,105.2484173,122.101114,104.5934984,105.1963482,12.62911167
1.823174073,11.62093218,33.14010023,64062.66382,26.98560752,4.906782865,0.901980561,21.3626776,3.260947402,3.318312272,2.593612198,2.400509625,62.55059222,70.44621395,103.3974232,115.6079677,98.16951539,126.5537971,100.3054527,106.004241,10.63165207
1.823174073,11.62093218,33.14010023,65061.64245,25.70144324,4.677510347,0.896039658,20.9145908,3.258628952,3.315884527,2.635108168,2.426448712,61.71630658,70.39166081,107.7826599,117.9552906,91.23646798,137.350908,97.03272758,109.4530051,8.6255478
1.823174073,11.62093218,33.14010023,65694.00562,27.06029512,4.468988467,0.903610992,21.0940604,3.26127845,3.318542339,2.710166084,2.450330133,61.53089309,67.75540994,105.3747893,114.881568,116.4285179,128.5176259,101.9588762,99.35998882,1.468220613
1.823181818,11.62136364,33.14,64725.77352,27.0039847,4.539022416,0.901520904,23.9280288,3.256105142,3.31308334,2.545634261,2.458355938,63.40451702,71.93493915,103.3214972,112.2884359,114.3520708,112.6955534,106.8025452,107.1439828,-1.213375108
1.822921348,11.60685393,33.14337079,66295.37619,26.25583581,4.615247901,0.902344874,22.3010774,3.258737141,3.315953543,2.543778856,2.456373853,63.36235344,73.42946943,104.2150751,107.6516947,108.5273407,115.6001232,118.3489027,117.9392501,0.745035137
1.823181818,11.62136364,33.14,69004.06743,25.72344416,4.761093374,0.903588231,20.81840493,3.261896885,3.31919561,2.625505609,2.450598901,63.3609583,71.54590083,109.8049926,108.3642771,111.2239528,117.1787483,127.5199913,125.8597842,-3.572902587
1.823181818,11.62136364,33.14,71742.99948,23.83954365,4.680153814,0.899995197,21.68290667,3.262013869,3.319086516,2.770251097,2.48515251,63.35921109,71.1855203,113.2081445,104.8013914,104.0229618,109.5812419,146.9508308,148.8634831,2.0590339
1.823181818,11.62136364,33.14,69617.95606,24.95739694,5.097894272,0.898275515,24.1121892,3.262269951,3.319460899,2.360400094,2.468448387,62.87526428,71.93774068,106.7394437,92.63043412,91.85387335,109.3259744,146.6263018,158.1260039,4.872898213
1.823181818,11.62136364,33.14,73770.75826,27.38472604,5.587086202,0.901923384,20.668261,3.260465441,3.317846606,2.397584519,2.488971397,62.78928389,69.16494819,118.9512077,91.72567709,90.53539253,114.2527415,165.3053629,167.7913958,5.64733472
1.823181818,11.62136364,33.14,73610.15441,28.10856972,4.969500919,0.904211285,23.70867773,3.25412122,3.311398429,2.405274961,2.434182079,59.00917656,69.12069637,123.8064619,107.1702119,107.2262366,111.3292102,149.4633409,148.9896926,5.74816214
1.823181818,11.62136364,33.14,72117.19889,28.85991948,5.009611769,0.903688804,25.93972367,3.254694537,3.312376438,2.467252155,2.441930316,59.01059,68.87938938,119.1838606,104.8932375,103.4176471,126.3218129,138.4007886,140.0307598,11.30638667
1.823181818,11.62136364,33.14,73776.58709,29.00449753,5.704019838,0.903168563,21.54801113,3.257437033,3.314773772,2.539407611,2.457908972,59.01059,67.56881671,106.0223384,115.0607679,115.0621056,140.9765842,134.8922793,133.8999025,8.502827733
1.823181818,11.62136364,33.14,71895.79889,27.13150652,5.590845991,0.907337302,21.71340407,3.264018888,3.321143111,2.56796385,2.496503326,59.9038464,69.13498713,85.54375607,100.7595854,107.2834824,162.8656468,136.2841058,130.6037247,6.427388627
1.823181818,11.62136364,33.14,71195.45464,25.71908189,5.517709474,0.892885909,21.0283722,3.266160804,3.323272486,2.449313899,2.492690879,61.110264,67.1257783,75.9010587,94.85356151,106.4867094,172.3281043,145.3136286,119.7559027,10.3366448
1.823181818,11.62136364,33.14,71556.23423,25.21347685,4.777893971,0.900367203,22.3503432,3.255355913,3.312397534,2.42086594,2.492522803,60.81045908,69.04131643,80.19234527,101.4012918,111.0029071,173.2944524,130.8170858,122.4845769,11.74729103
1.823181818,11.62136364,33.14,69566.00118,27.10403851,5.634617448,0.901963795,21.2183982,3.254858775,3.312017356,2.454601114,2.467339286,59.30960358,70.39067615,75.36930679,94.93883632,109.0269763,173.8209568,124.866614,120.4613337,17.69466587
1.823181818,11.62136364,33.14,68749.56073,27.6536159,4.954760623,0.895592895,22.34330553,3.254789379,3.311666801,2.518471187,2.470423977,59.24932022,70.65792967,78.60020144,94.8628548,113.5385658,167.1543273,127.8258008,109.1264504,19.472818
1.823181818,11.62136364,33.14,64190.47918,26.76952406,4.83995604,0.897600916,22.6952056,3.194444284,3.2510298,2.421716357,2.36318864,60.2078854,70.02802925,97.88774791,93.27328861,107.3926813,143.4202173,118.7262411,89.62887904,23.06146867
1.823181818,11.62136364,33.14,61780.44653,27.47520671,4.73612774,0.907092127,21.0049124,3.188046487,3.24517207,2.440762051,2.354248975,60.62938852,67.02326875,96.61154267,96.57638442,104.1479698,132.6053476,112.4310353,83.90308092,24.5263942
1.822928926,11.60727603,33.14327273,63395.56012,29.29310287,5.287209694,0.901284063,20.69875913,3.188054223,3.244757936,2.478357838,2.37594949,61.110264,70.3014766,96.04372524,109.9284192,114.1522516,137.6197911,90.75161934,93.49917501,24.49396307
1.845842697,12.88370787,32.84674157,63637.80798,26.96074279,4.270446664,0.902001191,21.59258473,3.186448042,3.243842935,2.51016694,2.380050848,61.110264,68.25736059,74.57274325,117.1305228,119.3104624,150.6613958,90.10932088,88.36717358,21.8677416
1.846363636,12.91272727,32.84,65108.05743,27.70141665,4.484515766,0.901966717,22.08055333,3.189429628,3.246756729,2.508503235,2.370209707,61.110264,69.08968917,78.37581189,113.3476321,116.2308448,160.5646112,96.06673051,90.72844633,22.06012713
1.846363636,12.91272727,32.84,64575.41227,27.3346291,5.324311312,0.903770082,22.8805394,3.185740247,3.243237869,2.520984535,2.349053687,61.82190032,72.01849574,75.76990015,108.617305,105.4922089,156.0083429,104.5677348,99.06871095,20.11393633
1.846337793,12.91128763,32.84033445,66055.61497,26.84516526,5.269244185,0.895162852,21.2137064,3.19353429,3.25027494,2.56410774,2.365265274,62.29767489,73.82844188,79.53724231,105.3699175,112.7933115,162.4941085,108.6104985,95.98455566,14.827064
1.845816799,12.88226521,32.84707672,67951.62276,24.1368016,4.981520515,0.904122921,22.046536,3.198964103,3.255753669,2.600607395,2.423010301,62.28986549,73.64782449,80.00565302,106.9596004,109.7431114,169.100078,113.7698824,104.1013955,13.2604475
1.845816799,12.88226521,32.84707672,69978.8593,25.5692579,4.425401352,0.901976711,22.26236827,3.197418115,3.254220464,2.612570011,2.423638479,62.2959677,75.78026696,86.02826028,95.36619168,101.0328682,168.880641,126.9330733,126.3478492,10.79183393
1.847147157,12.93873244,32.90644482,69315.40231,27.38344541,4.562864207,0.902024517,22.85825293,3.195891825,3.252300461,2.615799959,2.391617771,62.2556277,74.5889815,92.65380686,88.12350343,98.28393904,164.9660725,130.6696008,124.8175388,10.26486553
1.847956522,12.96617726,32.97255518,68733.58102,26.64184902,5.390504628,0.902260058,22.8993078,3.189289653,3.246601968,2.617298111,2.373344325,64.967804,76.51428195,93.82342278,81.02290402,80.53741961,144.4185728,140.7872836,153.598796,12.9805806
1.848823136,12.99522568,33.04480776,68442.42658,27.11816677,4.6637331,0.910532936,24.9403278,3.183725314,3.240613988,2.638592899,2.359821179,59.31264451,70.69324733,100.6154168,92.67393279,87.89110637,126.7894654,142.288948,142.3137068,10.25684713
1.850458194,13.05100669,33.17689632,69402.31917,27.05583675,5.575802385,0.902193723,19.7310344,3.182667489,3.240086781,2.662220263,2.366855355,56.666767,71.8979724,113.7357663,95.22539468,93.70304488,119.0510413,142.3967761,140.4009254,9.400566133
1.851267559,13.07845151,33.24300669,69478.90046,26.81430731,5.253751184,0.906474235,19.86944773,3.188305358,3.245413659,2.697213127,2.388589983,56.666767,70.36372515,116.8269142,89.91692597,91.49046344,126.7394511,140.874064,139.9321901,9.599858367
1.852133066,13.10746239,33.31516884,67198.43703,26.62460858,5.186466531,0.901127626,20.3116686,3.186163685,3.243518585,2.680230101,2.346886578,56.666767,73.33331786,104.4022251,88.14596927,88.99435244,137.9682021,130.4920149,131.1117741,7.500246593
1.853769231,13.16328094,33.44734783,67020.00856,27.04767574,4.833904621,0.89650432,23.39431373,3.199304325,3.254989453,2.690070595,2.386714486,59.00190896,67.60050083,86.6517088,76.12090923,86.75732504,163.7108688,134.1413427,128.3169943,9.201832133
1.854578595,13.19072575,33.51345819,68133.30059,26.91026671,5.797481035,0.901951467,21.95621527,3.19281493,3.248981718,2.393305634,2.372384385,62.13889419,70.15796152,73.63480924,75.4477964,83.5940353,177.095953,138.9990365,135.2688557,7.431886687
1.855442996,13.2196991,33.58552992,70109.77257,26.09672129,5.462764659,0.90257182,21.89404653,3.195244213,3.251798605,2.279496003,2.36425489,62.135685,67.34115508,74.66734631,80.93722417,88.80280678,180.2957785,142.8827073,136.1714189,5.61932822
1.857080268,13.27555518,33.71779933,69464.62707,26.84972884,4.745537838,0.901764626,21.08467613,3.189987983,3.246822657,2.282739188,2.368231058,62.135685,73.3728337,79.29849465,81.82562696,90.87751735,178.9789513,135.405857,131.9333535,3.292173933
1.857889632,13.303,33.7839097,71156.93483,26.08156136,4.436715196,0.904496871,21.13628827,3.188870338,3.24589013,2.298136222,2.384540688,62.135685,62.4906153,82.80896987,86.24218494,95.74036571,176.3019124,141.1690675,133.4499514,4.856033413
1.858752925,13.33193581,33.85589101,73316.79636,27.09530996,5.337205167,0.910445371,20.866498,3.189212156,3.246013944,2.399247829,2.392909184,58.05472724,69.36496855,93.50252651,101.290785,100.9019908,157.4361565,144.7899439,141.0494082,1.883944973
1.860391304,13.38782943,33.98825084,73878.56929,28.51149496,5.126366788,0.911262203,21.22309033,3.185336119,3.242402408,2.364258953,2.333745031,56.94954466,59.37681189,103.8591439,93.60966213,91.57908808,160.451745,149.5734036,147.5773122,3.1201573
1.861200669,13.41527425,34.0543612,76030.14507,25.33772458,4.804554555,0.901048039,27.08926373,3.191910717,3.248466062,2.323716663,2.394480228,62.14469885,70.9512211,127.6764311,82.70948806,90.95226146,164.7943409,155.4314707,150.9164627,0.6032314
1.861385582,13.41018849,34.11876323,75915.26477,25.94914008,4.952366505,0.902323356,26.21479207,3.204474823,3.260916877,2.364455236,2.462715451,67.30598718,69.00688631,124.2300526,83.85672626,91.50669921,170.1599392,154.4192759,146.4913503,0.932278913
1.86182,13.43167333,34.12492667,70156.50389,19.48251875,5.306163314,1.198544369,25.3403204,3.20679955,3.262931676,2.345677112,2.388500685,63.49357565,70.11603147,95.35447256,71.48045309,74.71639174,180.3438825,154.6182441,131.9742421,-17.89078647
1.86182,13.43167333,34.12492667,69363.03532,21.87774431,5.965102205,1.122617512,22.15445187,3.207000277,3.2633601,2.27989144,2.382185342,63.48949517,73.01257063,101.6346476,59.24510192,60.25385344,157.2119721,168.3465421,155.1873744,-15.0708115
1.86096032,13.40285762,34.05325108,72448.88716,18.84746528,4.990932442,1.198474149,20.53102013,3.197082039,3.253395542,2.239715474,2.416185036,60.80857801,71.94269832,117.8312108,61.49981934,60.25620006,160.0691693,166.22762,169.4940822,-12.5979474
1.860153384,13.37549517,33.98733911,72496.38175,19.49617112,5.633325616,1.19737132,23.98550593,3.193013477,3.249122682,2.182200684,2.351870749,59.91380851,67.80204152,142.9877634,69.61072819,73.89822577,142.6667702,155.4064185,156.2850943,-12.82728627
1.859326667,13.34712667,33.92126667,72784.55615,18.87244897,5.258215108,1.202326594,22.26823367,3.201697623,3.257399849,2.225957686,2.402889096,59.913937,76.23282075,147.9047811,63.49783065,66.574222,140.9970836,165.9245387,159.6964407,-12.37054377
1.859326667,13.34712667,33.92126667,71799.03524,19.06106224,4.679859852,1.199217721,24.61892573,3.207680606,3.263275962,2.195243508,2.394186547,63.209938,73.19158466,122.5778823,76.07119651,81.4820518,139.2409265,158.1255991,152.5347293,-13.77945447
1.85852,13.31977333,33.85537667,69963.50979,20.82049114,5.237313038,1.199454686,24.3221568,3.211066823,3.266826531,2.190661862,2.397679415,63.21557198,73.46728351,116.3729931,79.09471152,86.51581115,119.392166,156.1258087,153.2240774,-12.1337252
1.85765922,13.29092031,33.7836112,67779.79487,21.51051103,4.517002081,1.199216924,23.5843394,3.202404514,3.258252597,2.197731892,2.397414409,64.10330316,73.10139357,113.6801349,71.01954831,74.84661962,124.8587891,153.4024277,150.9026704,-11.564282
1.856852284,13.26355785,33.71769923,68696.27583,20.0120321,5.004126844,1.199468074,24.63886613,3.204301417,3.260299217,2.157855671,2.387639068,64.69924,72.19038679,112.3843312,70.32911397,77.21124752,125.6277482,158.2265553,153.6128024,-10.520937
1.855821986,13.22461309,33.65094321,69961.91791,21.631077,4.790359547,1.199205459,24.60602247,3.209329632,3.265300781,2.203474932,2.430306791,65.00653801,70.61866389,119.8245955,76.00613491,82.42868051,122.5779805,155.7498181,154.8153675,-10.9044623
1.855417079,13.20361688,33.64941312,66777.84694,20.61254635,5.15302727,1.198128352,28.90858707,3.211678455,3.267030676,2.122453025,2.366961943,62.01819229,71.01258033,118.1630869,70.49306732,70.3461493,126.7685533,152.4893035,141.5995832,-12.776051
1.854601187,13.17562294,33.58419249,72937.02287,19.5681177,4.499948688,1.202255839,27.76843087,3.211276188,3.266687434,2.128536212,2.376285182,60.81393106,67.0398777,134.8835955,72.79361659,72.97736442,152.7404241,158.5099565,151.6587677,-10.26664927
1.854358119,13.17898299,33.51397132,75347.24825,21.02077367,3.874994068,1.202633291,25.37316433,3.204325784,3.260013885,2.144834696,2.397281351,58.58413754,63.88878187,152.3181615,75.96351335,77.03925201,158.2671932,156.5417981,150.6123461,-7.47357144
1.853551184,13.15162054,33.44805935,75956.63225,19.87487768,3.709467263,1.208875893,20.49582987,3.194765566,3.250127435,2.131609961,2.368950058,58.57881305,56.15734497,134.4375563,83.42492742,85.09405562,162.0605622,152.1915815,155.9204738,-5.106940733
1.852726667,13.12332667,33.38216667,76667.44147,19.14155442,3.573484521,1.198629401,23.00956973,3.191540898,3.247739199,2.192983295,2.386565587,62.60504906,65.07263966,128.6642264,91.19450603,96.19637628,156.6933315,153.5937808,152.6694101,-7.88229512
1.852152984,13.09293439,33.38279591,77819.26235,19.72794022,3.637830296,1.199436168,22.25181147,3.200666392,3.256092075,2.264784234,2.399264453,64.30653272,66.64225752,137.4931672,86.13521115,91.1884444,159.8743642,158.7909218,158.5567702,-12.05574507
1.852152984,13.09293439,33.38279591,75564.67398,19.68134594,3.523375734,1.199275419,23.1796548,3.211019761,3.266703746,2.394933953,2.437525982,59.75951229,65.51492616,125.8735392,86.65087809,97.54000431,156.9643125,152.4109202,148.0380648,-11.901559
1.85556,13.39158667,33.05078,74019.45568,19.26611803,2.960996371,1.207928144,25.42829533,3.215832356,3.271407581,2.21027994,2.475731785,64.77101059,70.20679026,131.252872,79.80481179,80.1179554,218.5722337,132.3692697,111.3299363,-13.4033123
1.858503333,13.71928333,32.54629,76905.92245,21.29132366,3.181145344,1.097306625,19.52927827,3.214448913,3.269976896,2.137952187,2.464077947,62.93471533,71.05217143,134.950104,100.9747378,113.6543164,186.6107843,133.3216722,112.909023,-13.2157766
1.861393798,14.04573191,32.03534178,70737.23995,22.83608867,3.053212085,1.102794024,21.7462484,3.212261842,3.267991035,2.153164922,2.441798898,64.26144885,74.23312953,120.9458604,91.12674704,104.864145,166.6314963,125.7937869,109.7230031,-10.39833517
1.864302869,14.37172782,31.53078052,65643.95206,22.93838545,3.523718867,1.104117726,22.14389553,3.213611513,3.269621155,2.253068248,2.402636372,62.78765945,74.7710339,60.87907053,76.68815534,99.48784981,170.5613472,129.3195058,120.0687853,-7.188118133
1.867077077,14.63370704,31.20818151,65839.35132,23.74458759,4.33661721,1.098250597,20.89465047,3.211136085,3.267175063,2.465871806,2.432397714,62.78529042,68.55320851,58.16546666,63.8360538,86.72642451,192.7327409,130.3488731,126.6642863,-0.756474813
1.844262842,13.03966644,29.2670547,68886.03813,21.32073279,4.12372465,1.101938593,25.34970527,3.214407467,3.270066208,2.534174329,2.435086859,62.46838908,65.62599782,66.32078496,76.43147126,75.626551,222.5349998,133.9797155,115.0125424,-1.766971
1.847192397,13.36656886,28.76378793,63202.29259,23.44863963,3.941170303,1.103427301,20.98497133,3.21252829,3.268805192,2.342203223,2.398812106,61.69622,67.32550682,47.11025502,59.34835149,60.84616473,222.5736178,126.8465055,113.6226078,2.393471913
1.850080053,13.69300867,28.25140761,63422.09356,23.52043292,3.926833357,1.094721968,21.0635622,3.207959374,3.264341002,2.406525734,2.413263422,61.69622,69.42513695,61.76294377,57.51596458,57.80175765,219.7959342,124.7430348,113.7785918,3.07293734
1.85302535,14.02092395,27.74658105,65759.97398,21.30803736,3.919204165,1.096142704,17.1199358,3.210001777,3.266195717,2.52805814,2.400325409,64.09198617,71.43175234,68.11108114,56.74555422,76.82733988,189.5163953,134.9380445,133.5645812,6.939487233
1.856887925,14.43568712,27.13446965,65780.86043,15.45926875,4.165545058,1.096067908,25.5843042,3.201137339,3.257830595,2.513545161,2.367056347,62.77377606,73.27392433,122.8695519,58.93632843,72.54147931,118.4647155,139.2315461,158.6006273,8.59368108
1.858786262,14.61584862,26.91232411,68429.40891,18.35623983,5.328290207,1.102646932,24.21776007,3.206569069,3.262805062,2.576942059,2.437938396,62.14311565,69.30322596,127.2924384,78.81807551,82.62314634,125.3263119,150.3699406,133.3301229,10.08352313
1.86162054,14.88419807,26.58082694,68240.7602,18.7365379,4.902098994,1.102307978,24.9379816,3.206884994,3.263160675,2.58739095,2.453191893,62.90038123,67.66332827,163.5870472,85.72591536,75.13933282,117.5491597,130.6473531,130.4747415,13.49301143
1.864392929,15.14626084,26.25668446,73147.88419,18.56647587,6.600556248,1.10115902,23.0916794,3.203921088,3.259919777,2.553513806,2.415656786,59.1506201,64.99846634,194.7433217,163.7069034,83.47890002,97.01068851,69.43361246,149.1306853,2.39601956
1.869277704,15.62311016,25.68145778,74485.74139,20.24821652,6.173568083,1.111402945,23.49519207,3.202755379,3.258895963,2.573077233,2.432270839,59.30387355,64.47206619,163.935162,144.405777,135.5185406,141.7470839,86.07714107,92.9619933,-3.917711353
1.870427236,15.74999666,25.48550734,78253.70647,19.31771739,7.33654005,1.101999556,25.29691973,3.199638682,3.255816526,2.544529626,2.431451889,63.78155477,70.98500179,151.3876528,116.4749089,117.3997613,170.0999591,130.292289,113.3157513,-6.108992227
1.874007341,16.15232232,24.93127794,80045.82373,18.01982019,6.979279352,1.096113467,28.89920287,3.198685566,3.255031136,2.577785445,2.427865871,57.37112952,62.03073105,123.8754193,95.88567839,116.0623452,182.5718238,153.8605152,138.8945324,-12.65637907
1.877520027,16.54473632,24.39092123,85799.63184,14.37018797,2.820990033,1.103093061,23.07877613,3.215218806,3.270362694,2.399891105,2.505142211,65.4453182,69.4976988,137.1009642,118.0325677,117.2302438,197.6888536,152.9005361,140.809943,-23.3907798
1.881097764,16.9467968,23.83705706,76844.63368,20.68352151,3.824187287,1.096954566,22.40078233,3.212988699,3.268403115,2.349391066,2.460577553,55.34837,62.56959231,86.42696859,91.41508339,141.4253114,212.8770592,143.5559259,96.48175944,-27.47433433
1.88686035,17.59297128,22.9720832,71472.67507,20.14143611,3.792195087,1.10038507,22.0230762,3.212184727,3.267881283,2.301163634,2.436779934,55.470444,69.33030906,78.38039758,72.04106257,130.6827105,210.1080398,141.8742693,84.94768738,-27.85956593
1.89039604,17.99030693,22.42471947,66180.39272,20.65230391,3.838746312,1.102568509,23.10340933,3.203139202,3.259105863,2.269915747,2.404021697,60.963776,67.93393403,76.87906333,57.09698212,115.6934758,203.0746075,138.1639322,74.74703782,-29.128994
1.891789052,18.14211615,22.19198932,64867.93017,18.83736263,3.581695707,1.103264726,25.25469173,3.203897395,3.259942271,2.415095706,2.434875976,58.61085129,68.43283221,73.25577261,70.24589927,94.11479984,200.3745751,120.422398,93.54447893,2.8025668
1.895362029,18.54364364,21.63885886,65527.53773,21.10477533,3.750712227,1.103069913,25.49046473,3.210666784,3.265996569,2.531981714,2.479728997,62.941376,69.19949331,82.59831598,76.72944765,77.5618153,200.2530193,118.3385729,104.9612715,7.580592
1.898932266,18.94188188,21.0917651,59999.10117,21.80232464,4.090037657,1.096822472,22.25650327,3.208660022,3.264468354,2.500699249,2.441871452,63.20987201,72.49766031,84.51297702,69.79177232,69.648188,188.7760831,109.0320439,84.71146381,11.15172193
1.902086115,19.27035047,20.65785047,58971.22771,22.40286794,4.646801269,1.103079349,24.58842813,3.211340387,3.266716204,2.509465508,2.449947929,63.22468554,72.70692556,121.3299432,69.77231475,70.53846945,154.5395355,103.2382001,84.43780612,14.713991
1.905655656,19.6715015,20.1052319,59150.73842,22.07136991,4.94717045,1.103164641,23.93037413,3.201462768,3.257314655,2.468417698,2.410239341,62.60264825,72.4142592,142.0555447,72.03197844,71.8456674,150.6365184,93.15884603,79.9155914,17.842722
1.908858859,20.00488488,19.66582583,62303.39419,21.31569347,5.798088099,1.111931585,23.28522507,3.20043981,3.25630938,2.475536339,2.4216667,61.36061491,76.05007743,143.3935691,69.896464,69.20693156,173.7312185,95.36184808,89.16970639,23.204348
1.913156135,20.4438014,19.09537947,63126.15656,19.97935187,6.165281065,1.099317967,24.94032727,3.202476251,3.258284025,2.435792585,2.385793029,59.00043243,67.28482256,130.4820363,76.75942043,81.6127663,192.7800537,88.70786879,75.93360053,22.4614998
1.917703109,21.25431294,20.61079906,63529.49975,21.1315277,5.895631675,1.101187526,23.97494887,3.200793584,3.257193697,2.379903845,2.392488848,61.23725809,74.99669169,129.3561713,92.11208723,87.25815283,169.4845216,83.71978866,88.08222987,18.63480473
1.91793115,21.21566845,20.71354947,61664.53839,20.46576351,6.680844529,1.188782109,21.84243447,3.207643825,3.263317575,2.375790472,2.370511584,58.8641,68.55565768,137.4709389,85.3409702,87.54226201,164.7973101,79.79498045,78.53676126,17.93462567
1.917563503,21.15070521,20.82141711,59928.71139,20.73341444,6.672436509,1.200382543,22.22952467,3.20125054,3.257280872,2.37871777,2.371982262,65.84673,72.48280324,126.249174,75.00310444,75.58416287,167.1749214,80.87136243,89.08915696,19.836302
1.91812103,21.17048144,20.82737546,60484.04994,20.78353495,6.441820427,1.118486366,25.8048286,3.211702262,3.266880888,2.368205739,2.363116937,63.05189692,74.4168824,131.7346384,75.39883802,75.54970566,182.4863448,79.18893514,76.25215193,17.86929287
1.91596456,20.55613842,19.09725176,61969.37236,21.79212468,5.527246362,1.103041362,24.0124846,3.213221504,3.268188911,2.420287101,2.424804733,63.81535435,79.46327479,143.3778385,73.73295772,73.74083701,183.9489219,81.92200623,80.8346225,17.1926208
1.916600067,20.55923077,19.15529804,62339.23792,23.02399059,6.240882025,1.099358278,24.64355873,3.213707887,3.26888416,2.406808012,2.420828537,63.38367694,76.70684658,140.2563199,73.8889235,74.08247465,193.3445826,78.83724306,80.19084565,15.923998
1.918165289,20.68078347,19.04692893,60682.3357,22.80037882,5.905618429,1.10303976,25.27111387,3.212597301,3.267742541,2.373601444,2.391135364,61.84128113,80.67168111,130.866601,67.27627637,67.95914498,201.0085386,79.7239757,75.6180636,18.916489
1.917801653,20.61652893,19.15361983,61987.41132,20.3492235,5.707958426,1.109029679,23.1561942,3.210229023,3.265607259,2.374171825,2.390854665,63.24395851,79.87007567,127.5209244,70.52636365,70.47202576,185.7297436,90.98854202,89.2624947,19.68930593
1.914994131,21.36990317,17.55623239,62549.60664,17.06636868,5.356900346,1.251409279,23.58433967,3.21226256,3.267585319,2.436193758,2.420711399,62.02997436,75.72473574,131.7458779,71.77343054,76.18282907,182.8342852,90.10537336,88.396968,18.73559373
1.918746356,22.02686006,18.9799242,61114.01837,15.25641267,5.185700962,1.249894623,22.24711913,3.201438224,3.257088362,2.412465449,2.389725346,61.11344929,68.47451441,132.5886786,68.85995476,69.37550914,188.0955997,88.53515142,79.41793717,18.45109887
1.918841428,22.0110591,19.02358104,60610.45614,15.43064891,4.926499868,1.247594784,23.9772946,3.204429091,3.259795969,2.404608701,2.377487109,62.61004344,72.68821664,131.6809771,76.61347486,68.38606869,164.1017248,82.43803961,98.63601475,17.62853867
1.918519602,21.95419251,19.11800468,61224.09727,16.1536393,5.312185679,1.251446851,24.37494187,3.207531635,3.263039733,2.444317224,2.42166634,63.9754396,72.70288065,132.2679457,75.14057672,75.6255918,159.9731366,86.50361922,98.38524008,14.99372207
1.919944959,22.03053013,19.07338355,61295.16934,18.39793865,5.219012385,1.24696589,24.84766047,3.213712712,3.268912708,2.426699477,2.414567274,62.43955139,72.07964074,140.0882382,79.66590949,76.15511673,157.6994519,91.63578857,84.92334451,15.80783867
1.919133996,21.93077531,19.22165594,62455.81427,18.3520592,4.900889842,1.249935258,24.6060228,3.213808204,3.269011928,2.474853401,2.470045568,62.89100694,75.86562804,154.7432132,78.78345373,75.17097259,162.2076554,84.11715088,89.54327028,9.429327467
1.919616735,21.95008484,19.22197776,62688.42441,18.59069209,5.065072747,1.240112695,24.0969402,3.212161911,3.267376074,2.443913417,2.439145876,62.02182232,73.98679876,159.9200973,72.52751485,78.30916439,148.912792,97.57511123,90.743625,8.25423254
1.919821533,21.91428321,19.31675249,62547.24625,15.30234519,6.133501626,1.247043853,29.52558467,3.214346622,3.269564156,2.425706539,2.413213588,63.82249321,76.45452825,147.3709397,69.965304,76.77020046,148.8122039,99.13974391,102.0646845,11.3487332
1.919499707,21.85741662,19.41117613,62164.01691,16.29019413,5.310850285,1.24876415,24.39488273,3.205133055,3.261091021,2.44128468,2.417429677,65.19039709,83.85102307,144.8012606,73.94581259,70.50199615,136.560906,97.64860706,116.4400402,11.4408748
1.919982446,21.87672616,19.41149795,61728.09311,16.12552125,5.248045549,1.248700283,22.80312113,3.210344182,3.266082081,2.483947343,2.452940046,61.12097363,84.75054965,138.4665767,93.65276532,82.63818467,134.4842727,85.1099174,99.77484187,-1.101256844
1.92078701,21.95290228,19.31739614,61287.19664,16.4038873,5.506586128,1.248207258,21.6934636,3.209611401,3.265306494,2.501473263,2.46620721,61.13211636,83.47945564,113.2531302,73.59511724,77.69638754,149.1710249,112.5509034,98.63833251,0.8106366
1.933450395,24.12166813,15.75019608,62814.2307,17.9527029,5.823523177,1.251386147,24.40309347,3.210137466,3.266143597,2.504356057,2.473897304,64.36545917,82.02823245,101.8105442,69.46872201,82.60309052,158.7957301,124.673048,100.0239943,3.963173227
1.933450395,24.12166813,15.75019608,61305.94435,16.45849655,5.235101643,1.244617593,23.77553867,3.208426834,3.264360605,2.470632424,2.44293353,63.82031,81.42509854,94.49604579,69.2620963,79.50524242,147.244432,124.5711023,106.158461,3.558572713
1.93354449,24.13841485,15.72508544,60550.20577,16.15231285,5.866067792,1.244933155,24.9145214,3.203162484,3.259302538,2.461173413,2.426707354,64.20863257,79.3388806,114.918791,68.55095176,81.20083697,122.5177246,124.5842418,106.090276,3.29339792
1.934354744,24.21512964,15.63031821,61518.80405,16.96811998,5.378513071,1.244537611,25.66641447,3.208157903,3.264347488,2.488365578,2.453074729,63.502914,83.62645307,118.3400324,71.23656519,80.15339654,121.9845171,125.6444433,110.8388437,3.94534438
1.935198822,24.29470398,15.53221208,62138.76198,16.26063788,5.562064975,1.248068197,24.91569487,3.208227276,3.264067489,2.469924593,2.436931843,65.10551856,84.05912637,139.3218851,72.00994204,71.13692833,131.1514837,112.6947358,112.0212678,5.485295767
1.935911635,24.31887482,15.59043594,62869.10925,16.14185809,5.624708927,1.253853296,23.65120067,3.20879652,3.264746032,2.477051551,2.438949707,64.81968075,83.42044004,137.6752589,77.63655737,74.85822463,119.0653736,115.6156627,120.3007741,5.9316498
1.935911635,24.31887482,15.59043594,62969.09339,16.59147088,6.062598266,1.247256189,23.5385928,3.206135112,3.26202298,2.446335881,2.404472622,63.64551043,83.34662975,140.6499869,91.24278619,98.75301358,113.8011386,99.84540149,102.4336033,3.351847873
1.936664702,24.34717443,15.6434178,63997.27064,15.76082791,5.856269636,1.250924631,23.73096473,3.196429262,3.252852693,2.470729281,2.426750388,64.53573243,83.26406944,149.661537,94.86200444,96.43630883,115.1737972,99.40685622,103.1378184,1.886812495
1.93858185,24.52024511,15.43147943,63431.94696,16.67134241,5.448229418,1.258416798,25.1585058,3.197618776,3.253926076,2.464712181,2.41783575,64.10865652,79.71086637,127.1915019,86.08472146,89.126876,128.0159346,108.9574678,109.1303109,3.05617288
1.939311552,24.54221995,15.49963827,64366.20993,16.26055686,6.1690005,1.250314165,24.6623268,3.19977035,3.256111404,2.479880726,2.427465195,64.10851242,78.99153429,131.8367182,79.73647302,84.60741693,132.6769308,116.3069939,113.5326689,6.9283222
1.938202711,24.44747496,15.61283441,64405.9905,17.55569967,6.035394932,1.245761676,23.29812727,3.201041915,3.25679711,2.466493489,2.437523382,63.94477525,79.33051864,128.29274,80.9518426,88.40649601,129.9182658,117.6846927,113.0925793,4.482250667
1.938915734,24.47165292,15.67107543,63782.23619,16.85558555,5.787818662,1.24840795,22.7784888,3.205119969,3.261179748,2.479814649,2.452229548,63.18298119,79.19904395,129.1766239,91.36694875,91.0169515,120.3665581,112.197601,108.3826699,2.448119433
1.939767168,24.55255821,15.57104332,61593.49135,15.87568349,6.528989984,1.252983416,26.24001187,3.197572913,3.253838698,2.429786755,2.395155282,60.817287,78.67468387,132.269621,78.84960399,85.68178474,126.5242102,105.3175504,102.9607913,4.995883307
1.941566968,24.67023344,15.51590896,61725.00808,15.8797467,5.769098168,1.244408733,28.85111007,3.199098165,3.255085948,2.465451358,2.407677807,60.5711312,80.20523503,120.8379343,90.84304676,91.90203244,122.5102753,107.9212767,96.40786171,4.78305874
1.942273125,24.69417858,15.57358915,60846.00816,17.39513146,6.236146729,1.251060722,27.26873247,3.116811613,3.172575441,2.359843747,2.350314949,62.45566681,80.35371407,119.0399191,83.06682831,93.66015958,135.942943,109.0497888,80.86938833,3.2412763
1.941545241,24.63130141,15.65043772,60624.90462,15.95444722,5.096423376,1.25083034,28.93322007,3.117882384,3.173297178,2.364330032,2.352463646,62.29879007,78.9913494,115.9011604,107.8059085,102.9450356,129.7044401,81.11916759,81.35924618,11.66991769
1.941929876,24.62309959,15.75632587,59887.23053,17.14645662,5.572481496,1.248712447,26.83941447,3.119011534,3.174527713,2.370812704,2.360552803,63.844723,81.44745881,116.7093518,103.4249769,109.8847612,122.1578747,83.67968596,75.84813981,20.09855908
1.942782199,24.70404951,15.65631889,58582.66665,15.74000853,5.147067519,1.25591481,24.10280567,3.117587972,3.172642136,2.356249535,2.351395461,69.57560712,81.22026297,92.47423849,93.37859722,107.8150198,129.5541181,91.32043306,79.53217499,28.52720047
1.943495432,24.7282346,15.71457707,59056.94627,16.40653248,5.822167922,1.251321234,25.19838787,3.11850689,3.173626647,2.337377264,2.334417641,70.04036279,83.32699271,99.35961509,93.51279018,111.3396773,120.7203341,93.25243202,82.02719023,24.19759013
1.943495432,24.7282346,15.71457707,59161.07704,13.91914989,5.604396349,1.258541956,27.36257273,3.117144035,3.17227556,2.32272153,2.311207277,70.66859621,75.9919052,105.4878623,97.13331877,105.1081746,110.1253523,93.21246892,91.3020204,18.9901168
1.944264229,24.75571513,15.77106753,60235.22298,13.32588462,5.391371845,1.250312367,24.02304167,3.11804447,3.173503474,2.349175948,2.337360299,67.93052005,72.78569029,91.58939548,90.87665996,99.24752049,128.9130796,104.8396769,94.60026006,16.32085187
1.944166912,24.70313182,15.92421115,58820.08132,13.99323906,5.258811094,1.303108246,24.24356547,3.115803198,3.171024357,2.355307477,2.333705827,62.32271416,77.14018009,83.74424747,79.84425492,107.7030083,130.8005087,111.0596798,81.4665645,10.939458
1.944509112,24.73319224,15.88630218,59906.93589,14.335584,5.106761514,1.299814035,22.93801653,3.103002979,3.159321943,2.340809355,2.309008705,62.40021666,77.70143004,90.63766012,81.08721062,109.1804543,127.7300283,112.5195576,85.53537747,6.898118
1.944434323,24.67875404,16.0493447,60413.26404,15.0994663,5.945557782,1.29716777,25.59838087,3.100535497,3.156794632,2.385598938,2.349769184,64.14004919,81.68394177,96.81111544,85.21268112,107.644086,127.1417105,106.9464627,89.0494085,3.72999432
1.954689979,26.62349104,12.75516897,60555.86583,14.40434297,5.45941607,1.29705297,26.98955867,3.099374778,3.155750476,2.374160328,2.336693003,65.75606584,80.69360688,82.96326377,92.05918101,103.0716849,127.6637866,108.7346325,97.01957195,-1.012621383
1.941031443,24.31335292,16.58860711,60756.70484,14.68409832,6.041104775,1.303161364,24.40895853,3.106088451,3.161793693,2.376705972,2.350154975,63.18099693,82.27920164,87.00840287,81.04887797,107.8866748,126.9516058,119.3815704,91.99075627,-5.509085873
1.939771529,24.19203281,16.73711482,59904.45281,14.66104758,6.220220381,1.301939926,26.2505692,3.109818709,3.165535606,2.353978144,2.331522092,64.19438792,82.50577423,98.67116515,75.28819739,100.2631044,121.2600245,115.4683675,97.21464903,-8.3586414
1.936346323,23.8248286,17.27847055,60060.67432,14.38367313,5.811209672,1.302207893,23.82245813,3.098547196,3.155203584,2.343933616,2.322123664,64.26061046,85.88312376,97.97181378,82.51065887,93.83614115,116.2861885,114.6588451,104.3868868,-11.4950937
1.934322656,23.63494857,17.51452836,60371.2316,14.03066823,5.38153745,1.297171234,26.87108547,3.102690451,3.159045939,2.340515116,2.310519769,66.01955665,87.00827179,112.2149904,86.09306375,80.98409079,100.1186736,115.126805,121.0088555,-12.78059637
1.931263097,23.29682771,18.01434517,60869.16734,14.35216744,6.254368555,1.299458072,32.02055573,3.103625318,3.159933846,2.380206635,2.332190155,65.28937961,84.64240151,129.2994261,82.0925485,74.20108426,100.3059951,112.2662613,125.6541458,-14.98589513
1.927988941,22.98683062,18.39729045,59429.84704,13.62416805,5.513802356,1.301383037,26.5215312,3.093828517,3.150772903,2.376570088,2.345290884,62.6122378,87.1717665,136.0075203,75.66153299,69.16410344,87.99308592,120.0180732,122.3060888,-14.99167287
1.925219684,22.59496192,19.15593146,58449.78585,15.78289166,5.256788563,1.296765764,25.8669976,3.097762832,3.15422875,2.377655403,2.348185165,62.59244776,86.31351536,141.5334923,86.37928816,72.12244452,82.1219871,90.04983171,130.2988708,-18.52441413
1.924014599,22.47955036,19.29571679,59070.3827,15.49458252,5.950216701,1.297327699,22.88405913,3.095949498,3.152845034,2.377592788,2.350779234,62.01349753,87.5489124,142.9299098,87.5848018,76.49035438,73.27930081,97.53501879,131.1680489,-21.689783
1.923617579,22.44065483,19.34099825,59220.01458,15.33698713,5.648765539,1.299893132,24.9942856,3.093642511,3.150344069,2.360040534,2.334205898,63.24266064,87.57737041,143.5479895,84.37494496,76.37458836,77.97019144,97.43367496,130.8648712,-24.14620953
1.921205551,22.2095808,19.62071986,58885.98468,16.05264667,6.216379159,1.310127058,21.544492,3.08846148,3.145466311,2.321352962,2.287211852,60.02237659,83.46379817,147.3605535,72.39998479,71.18868464,67.00798271,126.8108612,123.1727622,-22.0802036
1.921532847,22.2445781,19.58598248,59346.13125,16.19647218,6.363436085,1.299060342,24.34796287,3.092574417,3.149732937,2.381283328,2.333370328,62.05992488,83.49435853,146.0187534,73.46265673,76.98117274,74.29104649,123.2549437,118.1952963,-24.27223733
1.919089317,22.01310566,19.8716725,58491.97434,16.75838264,5.886168296,1.298360762,24.45587873,3.104404688,3.160693763,2.395297462,2.339078121,58.70523734,83.05703837,144.35407,72.75680143,72.50815355,75.22483538,125.049944,113.6679183,-23.63265473
1.917869616,21.89643772,20.01327998,59829.17432,14.5491252,5.664338432,1.298014421,24.71745747,3.109781966,3.165407261,2.39361817,2.353791684,66.38207541,79.81388291,144.4033291,80.86145778,71.4884834,79.48286317,105.2200199,135.1811774,-25.34020047
1.917445255,21.85756496,20.06406715,58777.18748,15.13572804,5.708647,1.292566247,25.07639567,3.114010408,3.169700118,2.387344228,2.349431702,67.5000822,80.57529255,136.6229608,73.27492932,66.13199143,77.42803634,108.682252,142.6031961,-20.85646427
1.914963504,21.6225927,20.35433285,59020.76391,13.41538937,5.687121944,1.298417602,27.22885053,3.116885589,3.172415387,2.405543665,2.371573974,68.90274713,79.11555699,121.4793189,78.73694926,71.43271914,76.24055817,113.9910373,142.2812707,-17.6740332
1.914160584,21.54657226,20.44824234,58956.24591,14.02838269,4.933912933,1.298885507,26.9215246,3.118593585,3.173858119,2.395976891,2.366133634,62.94111053,78.86673509,118.2241531,75.86503424,71.73079205,72.97731158,123.8841644,140.1272697,-14.66189133
1.911678832,21.3116,20.73850803,59023.99984,13.10810651,5.592159738,1.300597614,23.58551247,3.117404741,3.172808876,2.3432147,2.324519925,60.79348115,73.19136514,111.1682921,78.98417005,79.19378776,94.07269485,122.7130081,115.9837646,-10.01987107
1.910911481,21.23678937,20.83362255,58905.70707,14.40406186,5.478002377,1.294005766,26.44645993,3.096533401,3.152776355,2.360815435,2.340442685,57.66271179,78.64253164,83.38741369,82.01827263,105.6000145,123.1505825,114.9781684,86.20481518,-4.998082593
1.909304703,21.08465966,21.02155127,60107.98129,13.05963952,6.102822157,1.300301246,26.5872192,3.108212915,3.164123701,2.400824859,2.366516741,63.17981615,78.06311779,88.6418513,88.94933598,110.1537736,113.7547804,114.2752765,92.42950732,0.457019208
1.90762489,20.92561496,21.2180222,61016.55495,14.15810096,5.589143127,1.302850074,23.46352033,3.114096354,3.169301529,2.433858256,2.393225674,65.73436622,85.45411167,95.39206958,104.7425956,107.1723882,115.3832908,102.156706,93.76355845,-0.338350004
1.906821502,20.8495501,21.31198656,60960.54532,12.99780233,5.694989817,1.3069087,24.58138967,3.114100016,3.169397783,2.391953646,2.348718484,66.49220265,87.71084935,82.47060342,109.3396229,112.7583943,120.377906,97.25097964,93.22916344,-4.4658666
1.9043383,20.61444055,21.60242185,61999.3597,11.86928835,4.974017823,1.299741171,28.76313473,3.115268237,3.170423621,2.35492011,2.322486775,59.87405013,80.71939589,87.0973356,107.2202001,119.4194376,142.5625526,87.68247496,82.53429807,-7.683175007
1.903534911,20.53837569,21.69638621,62134.03628,12.90368249,5.680953643,1.297960262,26.7526128,3.101774754,3.158392231,2.371200495,2.334065947,60.07334208,82.18461847,94.01305755,91.03247568,130.7526652,140.3603417,103.1986897,69.86136286,-10.29744207
1.900955302,20.25117441,22.13853345,60708.89414,13.51835185,5.80151008,1.300011807,28.2728212,3.104936503,3.161241762,2.368924815,2.312485228,66.60434628,82.52391776,77.63873182,92.2390542,124.4842111,141.9419095,96.44782912,79.23063149,-18.7811944
1.89837142,20.002965,22.43576511,60141.49062,13.21554021,5.833243289,1.294527092,32.67509087,3.11160389,3.167207121,2.391245456,2.353837565,69.67382079,83.63123442,86.35982112,70.54696652,104.173169,134.8070773,121.3294283,90.95250839,-14.706661
1.907567958,21.83183343,19.29863505,59638.22601,12.67030223,5.94503133,1.301486907,31.43053747,3.113194798,3.168853617,2.377361057,2.354856208,70.64491597,83.67054049,100.2305203,75.04014258,101.0482648,114.659196,115.1729006,99.86995868,-14.9054746
1.905813683,21.67455895,19.49336827,61123.85536,12.51756895,5.665834701,1.300437419,29.6464038,3.098775027,3.155692128,2.406463231,2.365786178,62.80663617,77.89788443,102.4281769,94.58971346,98.74793205,120.3258578,110.4827614,94.47172835,-21.79236
1.905690009,21.6713976,19.49770876,60758.90839,13.39342514,5.5807781,1.299169536,28.14496407,3.101624942,3.158535409,2.429009914,2.366132112,60.03389267,77.59947224,103.6647199,94.47222271,108.5465761,114.1778292,104.372105,92.55312702,-28.1373298
1.889404108,19.15393983,23.48458201,59369.02263,13.75429886,5.723061803,1.303174607,27.05993893,3.099033669,3.155683751,2.441688853,2.362228518,58.424633,79.17832953,107.232724,78.02163494,101.182475,109.1132902,114.3726349,94.70845822,-29.88169033
1.887766204,18.99896701,23.6762963,59971.63541,13.15357855,5.825843448,1.307063413,26.7455746,3.107555286,3.163734179,2.442118172,2.37660767,60.57138125,77.98312295,120.848329,78.07392865,94.38713187,108.7495495,109.652983,101.6884444,-8.5953903
1.886149841,18.84582586,23.86520104,60241.49096,13.06648208,6.682033201,1.301690204,25.92916653,3.109376747,3.165339263,2.444703917,2.38042136,66.84558527,85.26138326,121.1471385,83.43790712,80.45360587,90.31943202,116.8168308,123.8493313,-5.560431867
1.884510995,18.69076389,24.05702546,60994.79642,11.17452048,6.253162256,1.299494056,27.18544953,3.104737629,3.161200301,2.48841527,2.404131798,68.58232083,85.02936083,119.7008863,85.00543077,81.98234537,95.85865804,116.0760533,124.5999638,-7.08118504
1.882895574,18.53771189,24.24582008,66604.24054,9.088111183,4.471238168,1.297929325,31.3894821,3.122878757,3.178078144,2.395462226,2.432519688,62.83013753,74.38007192,124.4939577,84.89492672,104.7890457,113.8469106,130.7060986,120.5051491,-10.23115253
1.881304599,18.38707839,24.43190049,58169.55946,10.572481,4.621560301,1.294003587,35.59351467,3.098830865,3.154164328,2.376132229,2.41665061,60.98662287,78.970381,82.63852098,70.92615218,98.72266534,127.0228369,122.3996207,86.29987878,-7.098925967
1.879615162,18.22914352,24.62452546,59672.21357,12.39701075,5.300920593,1.297275265,31.41646157,3.098422332,3.153523976,2.448230042,2.437847145,62.88048616,83.53839688,68.53036162,78.64380206,114.1065447,137.101288,121.4650732,80.18368215,-8.775055533
1.878023727,18.07846644,24.81065972,56821.77801,13.11177125,5.418399173,1.293460558,27.23940847,3.095876227,3.151328887,2.444304027,2.408727415,69.31634892,89.33670597,84.89382338,73.52901502,109.3079328,114.5617892,113.460111,79.49828214,-9.380094
1.876359954,17.92094039,25.00525463,56511.67434,12.32356522,5.601359806,1.290011891,26.76786193,3.089539119,3.145280601,2.444107995,2.3970046,77.03207041,91.27892946,83.56518121,73.19971939,91.6416673,117.0210323,104.4646019,102.0518323,-12.34419327
1.874768519,17.77026331,25.19138889,56240.87003,12.13320908,4.777038769,1.298697363,26.8640472,3.092202199,3.147500003,2.449450376,2.393392563,69.72681931,88.72182435,86.41487514,76.17722988,90.20772468,112.6130325,105.4372172,99.04731013,-14.49872673
1.872309028,17.53739873,25.47905093,57068.08134,12.66352943,4.565631001,1.291585778,28.53322727,3.089462559,3.144366814,2.436532756,2.366759504,69.73297333,86.92606271,95.99696689,76.46769193,71.1923799,99.48545841,113.0590629,123.784445,-11.34120857
1.870665702,17.38191317,25.67139797,56502.71321,12.85549333,4.337631838,1.293664935,25.91978233,3.077916172,3.133994031,2.451754573,2.349243618,67.88918134,86.2281677,99.58546031,72.80436986,74.76946934,88.43062879,118.409278,121.2550679,-10.5836181
1.868353588,17.20545139,25.80258391,56281.67835,12.37123589,3.883351129,1.30022851,26.99542347,3.080698821,3.136722823,2.452669906,2.314494359,69.55292078,86.73072134,97.49842752,79.41233129,80.79199311,88.74328636,108.3798257,117.6320969,-11.94978847
1.86755787,17.13011285,25.89565104,56704.95061,12.11033796,3.847783408,1.291343742,28.67398687,3.080771126,3.136780876,2.517520759,2.325867032,71.88239413,85.99407064,97.479013,85.03333471,81.57952053,91.93441981,105.806057,114.6861673,-9.297242967
1.87409076,17.85210457,25.02223611,56467.54341,12.71904281,3.899743629,1.299129898,28.4006776,3.085501796,3.141290517,2.216518708,2.333953923,70.02302323,85.46560289,89.24002256,86.07508186,85.23785823,104.8936427,106.1221827,100.9898169,-8.453480333
1.870150804,17.64109249,24.98985255,55495.12873,12.13459185,3.668100614,1.302890808,29.26166067,3.084390993,3.140499191,2.376499338,2.332975167,69.43458505,83.29220006,80.39605654,77.72878239,85.33286916,125.885865,104.7816015,87.14475954,-1.472003325
1.868449378,17.43301043,25.34963673,54963.57995,14.18894969,3.385774319,1.300445116,27.2781164,3.08191792,3.137311338,2.325207075,2.34430319,67.07206106,82.7094071,68.08339039,66.1504638,89.68901435,144.3888857,104.5144877,80.70417366,1.1323911
1.866101695,17.21558305,25.62356271,54960.3003,14.51596698,3.313411064,1.298191857,28.80888167,3.080188611,3.136054621,2.279700957,2.330781067,65.63174781,82.87769142,61.74685464,70.63198619,92.08212449,148.3323953,101.1235523,78.38567551,5.8819349
1.863695355,16.99246243,25.90436817,55018.11741,14.14721024,3.158820786,1.290021596,27.43178007,3.071246338,3.127075827,2.27598642,2.301794952,65.57124998,80.79873558,63.80149651,76.09837245,101.7636477,140.0786183,97.08711523,74.54596084,8.275259553
1.862756148,16.90353825,26.0142179,55421.85554,14.27733963,3.347716448,1.299100492,28.96489113,3.077231393,3.132871604,2.359694843,2.294336045,66.62882899,83.96543939,80.4894257,84.35789743,98.57861139,125.9627333,89.60525913,81.55147024,12.2051318
1.860663585,16.68434797,26.26182569,54365.77209,15.28116227,3.321321252,1.29082066,30.09566353,3.075716914,3.131496517,2.401440538,2.33060065,75.23705091,85.49239823,76.16619702,92.29104987,101.5881682,116.1806314,86.73821941,76.42532323,14.15668877
1.865358204,16.85309343,26.67547375,54641.52797,14.70446421,3.745823784,1.303130929,26.800706,3.073345547,3.129040007,2.364303208,2.321685474,67.63567349,83.76511021,85.15578531,86.4215245,109.4262105,116.1622072,87.15588395,69.44681899,14.173341
1.86407886,16.82395295,26.52225977,54559.85782,14.82184788,3.398825605,1.297288461,29.649923,3.074356012,3.129962293,2.386270184,2.297228751,66.21861848,83.39152058,89.33052177,92.50867781,103.2457046,105.0177505,84.41028064,79.41662335,15.2883852
1.863422797,16.80037111,26.46445328,56512.13561,13.77652574,3.219105061,1.297603541,25.56905627,3.073819341,3.129245856,2.320769265,2.336260847,64.92744117,82.3933303,94.99624447,105.9543578,104.8738058,89.91698028,89.53087249,88.88624204,15.732513
1.862754392,16.77306927,26.41404044,56852.57953,14.10475469,3.340877528,1.297565036,26.7748998,3.072940598,3.128360373,2.286785661,2.354250699,66.16909499,81.96743296,92.60263131,107.6813267,97.84525672,107.0419869,85.49847053,86.48982021,10.00078393
1.862098111,16.74947962,26.35621478,56376.6498,14.72663421,3.563777889,1.303095513,26.59425733,3.066519531,3.123614742,2.27597202,2.340049097,65.1173425,82.05300106,79.75707278,87.25222051,110.895797,115.6056887,88.4637096,87.9082713,7.3704333
1.861382168,16.72374544,26.29313225,58011.1903,13.67459643,3.605293401,1.299672524,26.4147886,3.067390159,3.124111446,2.295293023,2.311138773,67.36320767,82.01083028,99.99626006,89.19518529,94.34854519,116.3244422,97.47878137,92.5396474,3.9340148
1.860725887,16.70015578,26.2353066,60879.22748,19.70904402,3.949422931,0.806157312,25.2101176,3.074921557,3.130062422,2.364019126,2.33328022,71.85794751,83.14508492,110.6727801,85.13159868,90.51529213,115.7340518,112.557384,105.6786262,-2.26135802
1.860069606,16.67656613,26.17748094,59067.67918,19.31585067,3.920084891,0.797703298,31.01177653,3.068718351,3.124720466,2.312594791,2.312546415,74.77129235,82.24842221,84.81885576,77.64105364,83.52328212,128.2373024,114.3721117,108.7547404,-6.85534
1.860510851,16.72318531,26.12413356,59200.94365,21.10953628,3.751592452,0.799497098,29.76722347,3.077655491,3.133769444,2.300344021,2.325752103,64.36143902,77.78666246,63.35629992,62.91908802,93.7376699,146.5193945,134.4286815,93.44919937,-7.463759
1.860510851,16.72318531,26.12413356,58282.66778,21.44892399,3.806473141,0.798238753,25.5256548,3.077453604,3.133381313,2.266227548,2.326287978,63.502914,78.23983286,58.08545673,56.97739996,97.11684596,150.2160492,148.3661569,73.53927843,-8.044472187
1.859702838,16.69578631,26.05813356,60504.71242,24.37586904,4.135520945,0.79905902,27.11037793,3.081159045,3.137079841,2.269865968,2.323568157,64.48541474,78.36671209,67.0392257,57.59530887,114.2671042,141.5546688,141.3464968,85.89740982,-3.8231812
1.858894825,16.66838731,25.99213356,61240.40992,22.18668745,3.944905483,0.812608898,29.11151627,3.079542563,3.135426127,2.263752085,2.321660853,71.01455088,82.84456506,84.8298724,76.38096471,115.3060131,130.0819094,124.9558159,87.12551049,-2.254933787
1.858032732,16.64060454,25.91762191,60761.91615,21.96981456,3.745036334,0.79785226,29.57133153,3.07724052,3.132965808,2.328095007,2.290013325,72.00003247,85.4563393,87.80503533,81.22215238,115.8379269,124.9480344,118.6207647,86.07478794,2.359226673
1.857205342,16.6110985,25.85413356,59931.67831,19.45515487,3.81191344,0.803796111,28.88512627,3.081360603,3.136983969,2.418863212,2.287864189,69.72869,82.35949577,74.43074476,89.11286076,120.3607626,126.82153,110.7126742,82.22212101,6.5258
1.856397329,16.5836995,25.78813356,59844.69465,22.666375,4.242943517,0.804110779,28.08162193,3.082130618,3.13791421,2.448365172,2.250161556,70.30397735,85.32231517,86.48572973,98.84221032,121.1722522,119.8091297,102.4618509,76.40647536,11.83887837
1.855589316,16.5563005,25.72213356,60582.9063,23.03803549,4.054886697,0.80009324,29.39303687,3.081880665,3.137163609,2.346193047,2.313799999,63.55992808,78.0008102,107.9841934,111.5824908,110.5016926,109.6103924,98.96117184,78.30087945,13.59487383
1.854726119,16.52848029,25.64753173,59443.45868,21.59880874,3.672348665,0.804770079,28.85228313,3.081127406,3.136970945,2.185497943,2.299272632,63.49806523,78.78279889,106.9591456,106.808744,117.3048985,111.4113168,90.17077572,72.8289458,13.50455267
1.853506795,16.45402718,25.64141863,59714.76031,23.77109772,3.719161248,0.79795026,26.6986546,3.074487813,3.129771622,2.224806989,2.29752056,63.45996147,79.94567954,112.6359422,104.8789216,97.04896162,125.5849064,90.92135179,78.04897358,10.5975466
1.852704674,16.42682797,25.5758999,58447.73155,21.35076323,3.693504146,0.882978956,29.63584747,3.078222149,3.13378762,2.293262973,2.306456668,63.42967,80.37893704,91.65157001,101.8016634,107.1401524,123.609422,92.54171421,76.01639314,2.788101753
1.851885355,16.39761763,25.51300861,57860.97134,22.74139951,3.693029561,0.799572081,28.82295793,3.078194217,3.133934041,2.370307376,2.317571366,63.67932768,81.91856731,71.49624732,83.81023946,112.3487748,137.2834189,104.8721435,73.00863456,-5.9888263
1.851027511,16.36995691,25.4389062,58240.80871,21.41917367,3.746050848,0.896358844,29.676902,3.081653317,3.137491125,2.35238791,2.33600883,71.51010867,85.30692393,71.06266194,77.70272042,92.62651179,135.1280779,115.8940159,93.91319143,-15.37744247
1.850225389,16.34275771,25.37338747,56543.44851,20.16278006,3.537012069,0.902018807,29.83173753,3.080848762,3.13677694,2.378334104,2.313500347,70.92502,83.5404899,61.94425637,73.63974561,87.0035031,132.5927423,119.823939,92.95471707,-9.044951
1.849423268,16.3155585,25.30786874,56838.52758,21.57963743,3.519876202,0.8968765,32.52963833,3.074770003,3.13044089,2.470922501,2.341272147,71.3915214,83.90228205,66.08589994,74.48603171,90.76613417,130.9859048,115.5604754,93.70762979,-4.485069087
1.849423268,16.3155585,25.30786874,56650.96773,21.50423836,3.454748102,0.900631771,35.31199413,3.069442692,3.125313363,2.443268323,2.316729848,75.24708865,82.71164546,69.84793048,76.92103077,93.42587686,131.3627823,119.6667821,79.37755253,3.426990533
1.849423268,16.3155585,25.30786874,56098.58488,23.3977409,3.62358994,0.902285961,28.7525778,3.077118718,3.132769118,2.195592035,2.341149231,75.48414805,79.02567554,62.53071405,81.78878795,116.5806039,136.643651,103.4779229,62.541543,9.490812767
1.849423268,16.3155585,25.30786874,56503.38301,24.18367278,3.607132397,0.899024443,26.4229996,3.076600842,3.132352749,2.170428572,2.37147254,75.48340698,78.3682412,58.5122403,87.52612694,126.1809915,138.3541661,94.43886887,61.719676,13.74256953
1.849423268,16.3155585,25.30786874,57104.82235,24.93175496,3.895023545,0.910834086,22.46647047,3.07688987,3.133015759,2.241462953,2.350253864,73.903625,78.65637357,49.1108441,81.15506516,138.3317304,146.6151414,100.9441536,54.63336366,18.59512393
1.849423268,16.3155585,25.30786874,56777.78122,21.46056233,3.763210102,0.988853738,25.990163,3.069769047,3.126029086,2.293639012,2.33578017,70.4133194,78.46710688,47.27897722,55.6679054,147.9908912,149.4443463,122.4534805,44.56476525,26.4664022
1.849423268,16.3155585,25.30786874,55525.39848,20.95155111,3.57140348,0.997931761,26.19309187,3.074546845,3.130429364,2.194451143,2.291287035,63.2120728,79.6127465,47.20093958,72.65386883,144.6920024,152.9915045,98.04307869,39.54563828,24.35975767
1.849423268,16.3155585,25.30786874,54384.33489,22.34012756,3.638653142,1.007114101,26.116847,3.075983586,3.131830119,2.206766983,2.254868757,63.96956078,78.67470458,41.17833705,70.72647333,140.4236093,144.5471786,91.11583158,54.53577025,24.08297147
1.849786311,16.35952588,25.24813356,54902.95761,23.04742452,3.696981089,1.001900885,27.405974,3.075306805,3.131040692,2.188626689,2.279391716,62.93632875,78.37752599,67.55747616,78.65252366,115.6880832,125.7273006,93.48637993,71.88400706,20.1337694
1.849786311,16.35952588,25.24813356,53604.46372,22.90206547,3.647339154,1.001863251,26.6153716,3.077887519,3.134125869,2.201131379,2.268766821,63.96398676,74.10678612,72.24792464,69.35468217,95.76108166,115.3231386,103.7461865,84.58600798,16.7180652
1.849786311,16.35952588,25.24813356,53059.63618,19.53829741,3.151554793,1.010481608,30.9953542,3.067703733,3.1244944,2.231892938,2.275618057,65.55736931,76.77306099,85.98115155,66.93220776,82.09866688,118.1435909,106.0513743,79.22783244,14.61743997
1.833639399,13.34947245,27.47640735,53994.17795,21.20998318,3.152147454,1.001817944,27.37313,3.073354106,3.129536493,2.303144577,2.290310649,65.11429,77.20630541,89.34210802,68.16115776,100.2063008,108.3507636,93.88065605,88.47473108,13.66658877
1.833639399,13.34947245,27.47640735,56136.21231,20.60902663,3.284987123,1.005248837,23.8916654,3.145004162,3.202647562,2.407965857,2.394159007,65.44577938,76.63738472,89.30925132,80.15572738,100.5458613,97.53837462,95.26089552,106.7315643,14.850372
1.833639399,13.34947245,27.47640735,56006.8361,21.1324506,3.323623661,1.005441559,23.41894633,3.139654081,3.1974884,2.334026782,2.363940348,64.38563783,76.9527066,88.33109068,101.989912,93.88636114,104.8763913,94.09490875,84.69099833,12.08823607
1.817492487,10.33941903,29.70468114,56531.52106,23.17650647,3.402134723,1.004029022,25.57961313,3.134139816,3.190764986,2.357821721,2.38856476,64.09337113,78.66468302,90.77321506,93.8754548,105.4444949,101.4654008,94.9584785,87.03330603,12.389781
1.81750501,10.34099198,29.70770207,55768.74964,25.60346708,4.030322062,1.001660187,24.45353273,3.140337122,3.197919185,2.427844231,2.377306214,64.09779272,79.55466104,91.69538763,91.09540816,91.94629297,101.0036131,96.92818855,93.62511419,9.788503373
1.817377321,10.3409118,29.73492706,54312.83799,26.44625571,4.01260383,1.001812815,25.31568813,3.142111345,3.20020381,2.420336664,2.35938212,64.09853934,82.53117937,75.32881124,87.44856471,100.0238821,106.9046651,96.91583009,82.03727061,4.309786047
1.817377321,10.3409118,29.73492706,53573.79296,23.72914429,3.831741801,0.995576819,25.3837218,3.141198629,3.199274374,2.432078158,2.334092509,61.39304088,82.80772046,80.1242644,83.06983595,95.25881344,108.4354398,93.28641282,82.19379902,2.0150652
1.817377321,10.3409118,29.73492706,53482.36745,23.3155385,3.816415056,1.001783948,23.02833767,3.142941015,3.200862167,2.418754544,2.307099841,62.94471317,78.98079079,87.17456298,77.58241242,88.25443618,110.0258869,96.99435133,82.89371655,-2.240218747
1.817377321,10.3409118,29.73492706,55452.24055,27.01043647,4.15328993,0.996250138,20.73746827,3.138834837,3.196428701,2.477667892,2.369755845,62.1488363,82.6791731,91.46080689,76.34349497,80.09064292,107.8868663,99.27746372,108.2755449,-0.13537183
1.817377321,10.3409118,29.73492706,56474.96361,20.36333017,3.241661741,0.999101299,20.98497107,3.140777621,3.198562642,2.413065411,2.362959366,66.97163574,76.66924133,90.14503812,83.83873589,77.02550588,100.7851825,104.184196,116.9689876,7.05778322
1.817377321,10.3409118,29.73492706,56105.4456,21.66499213,3.2586711,1.001105091,23.04827847,3.140713535,3.198494983,2.374879739,2.324381942,67.05662915,74.66289255,98.65740771,97.55884726,88.04692086,95.94914593,96.50324719,94.22040999,7.920782027
1.817377321,10.3409118,29.73492706,55781.50199,24.69055177,3.622223235,1.008420862,21.40255907,3.147595823,3.205331381,2.449593192,2.341468876,70.61219878,76.5510321,105.6711705,102.3596362,93.7925358,98.62694471,87.91328294,80.68400299,8.666369733
1.817377321,10.3409118,29.73492706,55227.65247,18.97586877,2.893042091,1.006538883,25.87755467,3.146448859,3.203896604,2.397761274,2.339703236,71.39244516,74.13319759,103.7318929,114.9787919,92.15776012,94.49060523,79.08069766,78.91793192,7.1595984
1.817377321,10.3409118,29.73492706,55799.71634,25.94051119,3.533230167,0.999142321,24.8676014,3.147288354,3.204929986,2.329792785,2.373616431,58.14044317,76.02124678,89.49125379,106.3192699,107.6480873,109.4998475,78.72815163,74.41608232,16.0701778
1.817377321,10.3409118,29.73492706,56006.88142,25.1684897,3.639811322,0.998178811,28.04056653,3.148105277,3.206288998,2.298287265,2.357177424,65.82006749,76.53639843,78.89229058,114.9326384,122.9521525,125.7763592,65.14252498,58.22890679,15.27160273
1.817569561,10.34103252,29.69393899,54112.22917,24.81720566,3.601532573,1.004701502,25.52565487,3.145336238,3.203137219,2.258855356,2.300027423,68.10226027,75.30971465,61.93842639,93.76142284,133.8418417,134.2956217,68.11557371,51.92741928,14.760291
1.817569561,10.34103252,29.69393899,55480.00434,24.68858853,3.726694145,1.00645674,27.81887,3.146424916,3.204068241,2.413980775,2.363742122,69.93585311,81.28734036,51.8691977,67.22477569,140.022444,150.4112483,92.6343959,53.33554395,14.705656
1.817569561,10.34103252,29.69393899,57723.80953,24.0189112,4.102172868,0.999116697,27.47518113,3.146202544,3.204087807,2.465988637,2.37722104,66.88889794,76.41044194,63.3387533,70.21303364,130.5290024,142.5701526,110.4423589,62.70931688,15.823166
1.817569561,10.34103252,29.69393899,59590.98022,19.92960364,3.986687506,1.002125057,32.0651312,3.140503838,3.198290575,2.534389261,2.362911485,64.9143361,73.0775152,79.99928557,82.60767396,122.680906,126.8062687,115.5219915,73.93533689,9.423138933
1.817569561,10.34103252,29.69393899,59517.06011,19.40123633,3.985798065,1.005883132,25.81303953,3.139793889,3.197649141,2.584587322,2.368426944,61.1159209,77.21530272,96.16059789,76.31552799,102.2754156,108.7127866,120.1422907,100.3831686,9.002231333
1.817569561,10.34103252,29.69393899,60536.18813,20.35483281,3.998414446,0.997005516,24.16145567,3.134877092,3.191554278,2.492238363,2.367301889,62.46023506,77.65255845,94.06541361,68.3919802,83.24860056,113.4823404,126.7134835,127.7144897,6.183631893
1.817524321,10.33786313,29.6921637,61383.63644,20.10069724,3.572706909,0.99937794,22.46412387,3.133337249,3.189506467,2.401566885,2.355516608,64.09608772,77.08311159,89.60384804,73.70023232,83.99977171,122.0840643,127.5391446,124.2066995,5.460149067
1.81759515,10.33789491,29.67701583,60989.67848,23.54123172,3.687565549,0.9955289,22.12160833,3.13540915,3.192151641,2.484174574,2.357932142,65.96851245,78.13673375,93.82836859,63.39155941,66.32562332,134.6015731,131.9919285,127.8578466,5.1642323
1.81759515,10.33789491,29.67701583,59951.22627,20.19499517,3.990091103,1.132012323,24.2728908,3.13884391,3.196426498,2.436964636,2.316158829,67.26230011,81.90162611,86.27110343,60.22724301,69.23575533,142.5944085,137.7160865,110.1969522,5.48827698
1.81759515,10.33789491,29.67701583,58656.47835,19.96492667,4.30100133,1.096222632,22.5966732,3.136576492,3.193264758,2.548195311,2.335284775,67.91015224,83.91888907,75.65998069,63.3019531,82.01475806,151.4162795,127.168409,91.96996569,1.314748617
1.817524321,10.33786313,29.6921637,59628.71218,19.95236576,4.294222418,1.101398694,25.7344484,3.133911251,3.19101122,2.54234157,2.366240748,67.96455988,82.08704138,69.62147842,70.53862469,82.13544592,157.1827424,129.039689,91.23367807,-2.1674075
1.817332449,10.33777704,29.73319841,58364.74557,20.8170818,4.232184451,1.102984447,24.355001,3.132262318,3.189565091,2.547350217,2.318570714,66.59153643,82.95194437,71.0149813,71.02564345,77.5004749,142.1482192,121.7638547,104.2300244,-12.47275733
1.817332449,10.33777704,29.73319841,58671.14563,19.52809362,3.838585389,1.068421329,25.34970513,3.136753847,3.194113581,2.214258945,2.354904955,66.59386782,82.58442022,67.08770858,71.48174707,94.88232058,147.6954701,112.351612,96.47163517,-14.17807873
1.817332449,10.33777704,29.73319841,60635.13802,17.56963865,3.606633087,1.102582285,22.8230622,3.136808799,3.194353728,2.286282411,2.374000941,66.59271473,82.28160583,74.83717942,82.29063122,95.60762651,148.1006032,111.992337,97.71033977,-15.94037373
1.817332449,10.33777704,29.73319841,61268.59776,17.5185264,3.731439211,1.102930708,22.59198147,3.134590562,3.191830564,2.326964912,2.365033013,66.59257226,80.79899972,92.11374455,85.84835303,97.54200131,133.1849606,114.1237409,97.49450201,-13.420878
1.817332449,10.33777704,29.73319841,61388.99412,16.7957794,3.777260503,1.102624923,23.4646936,3.132114089,3.188604112,2.464259696,2.34913877,66.59286909,80.84234448,92.37358049,86.87754491,94.74806339,122.7840606,119.5825755,105.1672935,-11.86572807
1.817332449,10.33777704,29.73319841,60937.86032,21.09387496,4.245585228,1.104490244,23.01895347,3.13350172,3.189957865,2.452403847,2.289604501,70.79310659,85.68567771,95.60560966,82.05272969,92.34397641,132.0278736,112.101457,103.6182946,-10.06219527
1.817332449,10.33777704,29.73319841,61143.14257,20.04596078,4.147306198,1.096624223,23.06000827,3.135601331,3.191969919,2.478791762,2.29637643,69.58435592,88.57861138,89.94857968,82.95673817,89.75419359,130.7908817,121.8428254,103.4115688,-6.862033
1.817332449,10.33777704,29.73319841,59163.54747,20.53029421,4.344940077,1.099009163,22.70341693,3.135716715,3.19244471,2.489697389,2.274219773,67.05505909,86.32547316,97.80322446,86.19603237,89.8702531,124.7595479,111.3647887,90.78601662,-6.0487175
1.817332449,10.33777704,29.73319841,60637.02292,21.50588284,4.72165947,1.096506726,23.923336,3.131126255,3.187933006,2.564526773,2.294390625,70.02633062,82.64260762,104.1809555,104.9261026,102.8279441,125.3643844,91.52417962,87.75788976,-6.4310374
1.817332449,10.33777704,29.73319841,61081.56583,20.09824368,4.825287649,1.09210195,22.17556573,3.130158603,3.186941928,2.545327314,2.305256009,68.89831454,81.3089551,93.02445884,98.04025382,115.4192276,121.3517529,104.4599833,86.36549762,-4.592787847
1.817332449,10.33777704,29.73319841,60988.91015,19.15928445,4.477610004,1.096337088,24.07582633,3.130523853,3.187241464,2.720104091,2.347778779,65.03458531,77.85241343,88.41189757,98.8379202,111.2755965,125.4520727,102.9696894,89.90411301,-6.43320702
1.817524321,10.33786313,29.6921637,62215.26018,18.26722342,4.680450556,1.096532361,25.95028073,3.130531698,3.187434271,2.573846936,2.331217126,63.7923955,79.85170962,98.0409361,102.6625666,109.7631503,122.5772841,105.0015351,92.8793644,-6.669504633
1.814827239,9.704048977,27.96872861,63709.77181,16.43349117,4.645173453,1.102985238,26.58135467,3.126790324,3.183626397,2.538922124,2.323361563,66.2862,79.2628243,95.58134922,97.64349185,117.1644417,128.4358094,111.579101,94.53433648,-8.151607867
1.814827239,9.704048977,27.96872861,63944.95731,16.78260091,4.867655728,1.102969175,27.16081653,3.126948766,3.183936105,2.592382124,2.326211271,66.2862,80.92866254,98.48953163,97.56967648,110.0006688,117.6475445,118.2119513,106.1126844,-7.73107538
1.814827239,9.704048977,27.96872861,63127.65401,19.41231857,5.387151349,1.110866732,23.96204573,3.126610816,3.18377756,2.431637921,2.344562437,66.2862,80.77055812,100.8384469,89.42482472,102.4062866,103.1952578,124.5636265,119.8285973,-7.352605587
1.814827239,9.704048977,27.96872861,60266.11389,17.7901695,5.067753691,1.103040139,26.50628313,3.131854817,3.188153053,2.094336487,2.279553091,62.83422929,80.52760319,104.2100695,80.73474088,110.1932018,108.5831717,117.617999,91.51395582,-9.370074307
1.814827239,9.704048977,27.96872861,59801.57761,19.34597965,5.009414131,1.096478552,27.34380493,3.131793255,3.188366548,2.113553225,2.29914031,62.82378347,81.38281888,102.8066501,83.74797528,91.63352648,104.284285,114.5214361,111.1007702,-10.875828
1.814827239,9.704048977,27.96872861,58735.73951,20.3497724,4.961006827,1.102851992,24.98020967,3.133547958,3.190354302,2.095448357,2.293254302,62.98997823,81.94720749,101.2710499,75.19783148,76.31967809,107.79581,117.9025299,119.0448058,-10.718896
1.814838926,9.705416107,27.97118121,57830.52773,20.84599558,5.012331612,1.106881222,25.1432568,3.13193387,3.188721517,2.091556337,2.292935729,63.30203352,81.07285338,82.94477113,62.74687495,86.87760457,128.5645123,122.0372691,101.5665363,-12.2580138
1.814838926,9.705416107,27.97118121,57473.68056,22.49876767,5.032092721,1.103082214,22.6095764,3.134411373,3.191080313,2.120724498,2.295981775,63.20742263,82.15298239,70.8365536,63.05742717,85.71304472,139.6606395,127.3645752,92.18978416,-17.71049147
1.814838926,9.705416107,27.97118121,59047.278,19.84004888,4.376429685,1.096489824,28.20478653,3.134431113,3.190895889,2.131170295,2.352501402,65.11138466,78.24917969,65.47302723,62.03640578,97.72113325,140.8626012,130.9701903,96.12439403,-19.8196184
1.814676402,9.712256887,28.03107866,58342.07519,18.16402092,3.735904698,1.106717993,23.73448433,3.129625249,3.186071933,2.153644365,2.354241249,65.11055698,77.82931286,56.72225657,59.0386367,106.7304412,143.4258971,136.5159012,82.12737733,-17.6737566
1.814676402,9.712256887,28.03107866,62397.06525,20.88159571,3.100314097,1.06235119,22.66353447,3.116517367,3.171919297,2.285015831,2.349751197,63.87493916,74.58816823,51.67990695,60.32055928,105.0782659,155.6705653,147.7255714,102.8923199,-20.6210882
1.814676402,9.712256887,28.03107866,60842.46173,24.2763869,3.410752094,0.99974827,19.79672273,3.099935739,3.155242885,2.190579355,2.278726451,63.58264329,78.68361513,58.60960773,57.64184352,98.62202876,152.1152862,147.426816,95.04036311,-16.2753452
1.814676402,9.712256887,28.03107866,58951.34523,24.37318407,3.544453241,0.996315628,21.29933533,3.099643745,3.15510214,2.175201477,2.283441635,64.12769081,78.66722173,62.8255095,54.56763737,94.71932554,149.8637554,144.1095777,85.72744239,-8.943192667
1.814676402,9.712256887,28.03107866,58882.54899,24.81598977,3.51251619,0.999752812,22.261195,3.09962755,3.15526247,2.205596209,2.319106268,64.723656,78.81938358,76.41351941,69.69515384,113.3477562,136.7521669,117.6402017,79.90429962,-10.3159056
1.814676402,9.712256887,28.03107866,58292.11622,21.47121377,3.34508877,0.999722527,21.85181807,3.098262814,3.154232009,2.269192851,2.357380091,64.723656,82.75825703,81.84317589,68.0582909,113.8550183,131.3054422,116.6928247,77.3039178,-2.511036267
1.814676402,9.712256887,28.03107866,58868.30298,22.76488059,3.332239727,1.001116037,22.4007822,3.087483498,3.143479974,2.269828107,2.337753417,64.13230626,80.50539773,88.25763329,77.90219929,119.4050017,130.5824794,113.4859518,66.37746162,-1.0284585
1.814676402,9.712256887,28.03107866,57889.07221,22.91637093,3.755132087,0.999762551,22.53450453,3.084879876,3.141325512,2.328119306,2.309345687,64.13002,79.44470682,68.48047612,87.28095782,122.5702524,132.2303577,101.0139569,70.84181364,2.560826567
1.814676402,9.712256887,28.03107866,56114.03844,22.00522146,3.709538701,1.004737946,22.90399967,3.083673203,3.140446238,2.345230002,2.320560517,64.12590531,78.54453993,83.19702842,85.77935038,104.7121752,108.2460666,102.3329217,83.68178093,2.294424569
1.814676402,9.712256887,28.03107866,57646.2697,23.74455634,3.938854134,1.002364629,21.3509474,3.081366108,3.138524097,2.308743748,2.285951634,66.80518518,78.39986113,103.7655418,77.77228245,93.77870496,103.5197781,105.2537887,103.085903,6.005670827
1.814676402,9.712256887,28.03107866,58054.29478,22.32492786,4.069380619,0.997910191,24.87698547,3.087947347,3.144414527,2.348085714,2.329114661,68.43108314,74.41246674,98.66265481,93.36536645,107.4454592,96.43220505,101.865104,92.39360895,9.517303333
1.814676402,9.712256887,28.03107866,57613.79605,23.36859075,4.408847211,1.000653756,21.11282853,3.081670979,3.139136892,2.326310919,2.294564382,64.91569602,78.71072868,95.76240603,98.82045188,107.7426672,98.03626275,101.1994991,83.65752032,8.404646
1.814784353,9.707713139,27.99129388,58612.59641,23.07679357,4.706368218,1.000391608,22.4969682,3.076975271,3.134311495,2.352519293,2.310890072,66.91478565,76.26375955,99.5178845,104.3043041,112.8784272,93.57586759,95.71520822,89.70167927,4.468193387
1.814784353,9.707713139,27.99129388,57068.28383,21.70875791,4.638859606,0.993618146,21.86002913,3.07576688,3.132579388,2.33831885,2.287723851,66.77027415,75.08521691,101.2512591,114.2993307,108.0289503,96.83710797,80.32518611,80.17775855,2.3427727
1.814784353,9.707713139,27.99129388,56276.46751,23.00928911,4.608875189,0.997273756,22.74564447,3.082125268,3.139148628,2.300687534,2.258952088,70.04788864,77.33061775,91.59591824,97.7624358,105.8228186,116.0355629,84.23988725,75.72665478,1.0863442
1.814784353,9.707713139,27.99129388,57925.33065,23.95398118,4.734851437,0.999738135,23.61835693,3.086335169,3.143064685,2.340136928,2.311155882,70.04608,77.09925674,99.37196219,96.89220942,99.26559234,111.374017,92.62555714,89.4315721,-0.91824906
1.814784353,9.707713139,27.99129388,57281.09544,24.10736653,4.860867049,0.996247199,22.9649958,3.081980066,3.139109552,2.353882593,2.312786069,68.83763482,79.32160232,95.02524123,84.53776445,101.077772,103.6522752,98.86228924,98.65432386,-4.68144438
1.814784353,9.707713139,27.99129388,57380.44897,23.99147761,4.453126674,1.00916287,23.69577487,3.085513196,3.142485959,2.317499408,2.268674605,69.4125614,81.25374591,99.40986229,81.40535805,78.88068625,112.0812079,106.0564774,105.8577831,-5.57171884
1.814784353,9.707713139,27.99129388,57923.1266,23.92190858,4.588835973,0.994821376,23.6136644,3.084203607,3.141414867,2.292245599,2.238984146,70.36552286,81.65117301,108.3891047,86.2559039,85.32739775,109.0102571,103.7557443,98.04738864,-3.541601767
1.814784353,9.707713139,27.99129388,58445.95568,20.95505914,3.792842441,1.002056829,24.3948826,3.084054702,3.141670599,2.358051342,2.300793695,64.43609871,79.24860797,108.6158528,99.97104943,79.88339174,99.60560155,96.67396604,111.1851373,-4.5793
1.814795987,9.709076923,27.99374582,59188.69803,20.55687472,4.145499789,1.000310909,22.27409873,3.084407535,3.141703848,2.362310601,2.310185768,66.14997405,79.03992068,109.0101391,88.33202535,83.17617397,96.53091335,104.8475481,121.3466153,-11.687814
1.814687915,9.713612218,28.0335259,56605.85517,22.75814838,3.525033852,1.002056893,22.6647074,3.086681524,3.143484362,2.31869715,2.282453161,64.68817406,79.27511452,101.8930041,79.94965413,81.7365605,106.8361529,105.6565143,100.4906452,-15.07911107
1.814687915,9.713612218,28.0335259,57712.05338,23.47416009,4.236521132,1.007164558,23.875243,3.088551275,3.145108337,2.298109356,2.289055431,69.51599294,80.0548902,98.97594598,86.73486692,93.10749217,104.3729415,104.0029915,99.5424175,-11.6600744
1.814687915,9.713612218,28.0335259,59240.53331,24.83806861,4.690653426,0.99814423,24.41951553,3.093439854,3.150327058,2.307849994,2.306922355,68.11731,82.06551094,102.2708591,95.23759053,103.6306155,101.7444266,100.6178669,98.95559844,-12.33395053
1.814850621,9.706784156,27.97363545,59314.72573,22.83862616,4.363792483,1.003005675,24.56262067,3.095896435,3.15287715,2.258365093,2.26621504,68.12196143,80.73796783,98.23449015,103.8201329,104.1828671,108.0724947,98.7313893,89.37656503,-11.155075
1.815779046,9.794006044,27.86379449,61290.79029,25.91330611,4.700585535,0.999747315,21.56677893,3.091833449,3.148502126,2.286517659,2.289888476,67.07994454,79.75753177,103.7949598,107.4731956,105.2805885,106.1928622,101.8522771,98.36148391,-9.24084
1.817504149,9.980919349,27.70536343,60436.59189,24.64290744,4.756495902,0.999727778,22.3515162,3.091476876,3.148450785,2.307030662,2.284018607,67.067474,78.22334352,96.42458085,100.9692868,106.1721554,110.4167809,98.9770379,100.0998232,-9.833711153
1.819335989,10.1536919,27.48988712,61982.19867,24.07596949,4.330982861,0.999849963,24.684614,3.100631732,3.156317055,2.348274852,2.351224149,67.32889833,78.04132129,105.42729,94.39082016,108.0980253,113.6343274,102.5055697,106.1851253,-13.031318
1.821480363,10.33448808,27.19822088,61409.16816,23.20353414,4.067191108,0.950829123,22.83596553,3.107513496,3.16211948,2.197903129,2.309416146,70.06622858,82.05103783,115.2292492,100.3731635,104.7565929,101.7094954,102.939527,101.2948758,-10.80233553
1.822403491,10.4218899,27.09025176,60421.01358,22.04464338,4.147503363,1.001925958,23.2957816,3.105099062,3.160479328,2.200482306,2.30925337,70.05401095,82.2763155,99.65637334,98.52003642,102.4660582,110.1043245,108.9392113,93.84077709,-9.811769667
1.822403491,10.4218899,27.09025176,61665.43035,23.09308601,4.429117398,0.998388268,22.69989747,3.09100077,3.147458232,2.291577315,2.315750863,69.46070145,80.65101039,87.46475544,91.53220447,108.2919079,124.7239344,113.5064509,97.79940019,-10.20876187
1.824257891,10.59678308,26.8721088,60318.35668,20.85451478,4.315480632,0.999369112,22.05474727,3.092116976,3.148390816,2.345602547,2.327414814,63.51383557,76.86385223,87.91451952,82.24881363,99.37971307,132.7174241,112.7789794,95.07997666,-6.08341604
1.826179926,10.77944277,26.64855992,60217.93832,21.83617256,4.394151793,1.002027543,25.23944253,3.0970319,3.153721916,2.360694334,2.330950483,61.14344755,77.24585436,104.3732484,83.28686649,95.10904665,125.854381,111.0329148,92.76024526,-4.743179853
1.826179926,10.77944277,26.64855992,60571.04766,19.99075559,3.955489448,0.997601934,25.4177388,3.088330391,3.145181809,2.345893015,2.328220573,62.28462124,73.98976264,108.3519986,89.77533702,99.51394034,110.4907157,109.8566437,98.66599707,-5.876879487
1.827112156,10.86702485,26.53827401,59194.14817,18.96382067,3.964336867,1.001874603,25.19956033,3.087261954,3.144435741,2.329444608,2.313282952,62.47127008,74.19530746,100.7517728,88.30041195,98.88916228,110.503334,105.2789486,97.96848469,-7.03468366
1.828035594,10.95445601,26.43026864,58503.52802,22.22972105,4.186851033,1.004957585,23.19959533,3.094630447,3.151384468,2.285613965,2.258738514,69.52914249,80.09714718,96.73406189,90.64129786,99.21050091,105.3113835,105.4279886,96.72346075,-9.210565
1.829033233,11.04959382,26.31483719,65596.3371,19.12185572,3.664535552,0.997627975,24.47406007,3.100952952,3.157536956,2.259321052,2.304944645,66.74283765,75.05569103,110.989715,101.9597383,111.7056235,121.0741008,116.3428806,104.5745542,-16.02514043
1.829956361,11.13699564,26.20686808,68595.35547,15.34488408,3.20410704,1.002081565,25.7485248,3.093883886,3.150190299,2.246987452,2.338535728,59.66128872,71.46746035,100.7417809,89.8071699,120.1036097,138.3510594,128.8811763,116.0866892,-15.8104886
1.830889859,11.22469778,26.09643385,66514.14285,15.54493292,3.119457292,0.997083859,24.0289062,3.09061098,3.146969744,2.372596961,2.354309543,64.34898925,73.811245,76.6202379,88.09927307,92.20611858,177.5764234,120.4471049,113.8513639,-11.39128273
1.830889859,11.22469778,26.09643385,65715.13227,22.61249663,3.583865102,1.006232801,23.82480453,3.039637948,3.097053567,2.344831687,2.309727995,70.84746951,77.51220886,77.65294407,66.26167621,106.7245545,188.0807267,135.3827343,87.05951651,-12.965476
1.831813298,11.31212895,25.98842848,64371.45366,17.09106375,3.30707628,0.999649532,23.24886127,3.034520234,3.091775903,2.302950793,2.274045194,69.45320676,71.51471883,72.22380699,64.48700433,103.8140687,180.9691856,133.1399054,92.16282275,-13.111223
1.834401866,11.57277241,25.71426191,63574.26009,17.52517458,3.361457592,0.995731639,23.5104406,3.034156741,3.091219189,2.31945927,2.28130566,69.44630156,75.70449892,65.47998892,58.07013834,102.2957686,185.6054796,126.5177082,99.72792586,-10.216259
1.836173249,11.74850979,25.52182542,63317.04697,16.36045602,3.525727099,1.001856795,24.174359,3.032531219,3.090066159,2.31755924,2.272232543,63.86693667,74.24811123,70.43647961,73.11506415,102.2589798,176.6466562,121.4613461,92.20472219,-9.333396867
1.837098274,11.83542497,25.41241036,62922.42454,18.53952974,3.818985146,1.005438064,24.19547287,3.034873033,3.092607305,2.30178874,2.253795138,56.54506799,75.17492626,81.85867939,82.83227198,97.41892473,163.8412602,112.917501,95.65730984,-3.380943053
1.837986711,11.92134219,25.30519601,63021.14807,20.19314699,3.465922027,0.999457634,23.36733467,3.034686082,3.092218904,2.321430161,2.268987789,59.9720246,74.98431,90.54776627,91.29691245,106.9957931,137.6850462,111.9742862,98.83837533,-2.793459133
1.837986711,11.92134219,25.30519601,63747.72485,20.56259672,3.897651671,0.999669885,23.31220373,3.027913855,3.085590135,2.315704212,2.255749931,60.83740119,80.80436167,106.5774285,92.06250685,104.4692634,131.0837382,113.3921326,99.88925821,0.447312409
1.838900332,12.00784385,25.19833887,63425.21201,19.45580272,4.147317247,0.999688974,24.49106887,3.028208465,3.08591214,2.292807573,2.230520928,64.13575637,82.00191479,110.9091962,84.01125327,105.945317,142.3572623,113.4529205,88.64189544,3.928819687
1.83988376,12.10162072,25.08454334,66192.23749,20.95936418,4.399108672,1.002231026,24.2963506,3.027460837,3.08499003,2.252696628,2.18525456,62.35196499,83.43511399,110.7461593,88.38377317,110.8718336,147.184692,114.4769392,100.7716991,7.431530767
1.83988376,12.10162072,25.08454334,66927.80171,20.24029208,4.377388983,0.999681016,23.233612,3.027168963,3.084690493,2.273280591,2.211843309,64.00876168,83.92459117,91.60121465,93.60322874,130.5534167,154.4541497,116.2685528,89.4481011,11.338273
1.840810631,12.18871096,24.9749103,66837.31568,20.12800001,4.466260597,0.992790069,24.07699913,3.026534531,3.084127179,2.22044678,2.161932287,62.82223793,85.11629909,66.41496265,99.0110611,145.4526851,160.1131174,130.5059606,68.34970951,14.9729312
1.841724252,12.27521262,24.86805316,68038.31043,18.81567306,4.599418197,0.996252898,20.7550634,3.024034425,3.081896552,2.286664359,2.21134827,68.86109539,89.80639522,51.65070019,104.7197065,147.6539123,187.651394,118.0873753,68.95967513,13.43412973
1.842186765,12.29677528,24.77303325,67825.12152,15.59216993,3.881968584,0.996382048,22.97320687,3.02540443,3.083422946,2.329070256,2.257314615,63.82227323,87.39267558,55.73576155,83.34361621,197.6160134,213.3618563,75.75095274,51.64841573,13.42267327
1.842186765,12.29677528,24.77303325,69220.72145,16.28423339,3.680061463,0.999647347,24.89458087,3.027020225,3.084880456,2.318826138,2.266446188,64.74441068,88.58927964,65.24701378,92.33987978,182.4009061,219.8684436,79.74383588,53.45902867,17.101623
1.842186765,12.29677528,24.77303325,69080.66611,17.36447915,3.699885012,0.996177893,22.26002233,3.026940533,3.0848422,2.294955237,2.240288109,65.14857656,77.25978666,52.01528855,93.18838337,192.8616514,221.873877,71.19651607,57.93303414,10.29088553
1.842186765,12.29677528,24.77303325,69552.29325,18.92711119,3.904400222,0.999122161,25.5749206,3.025035919,3.082953558,2.323234344,2.238503519,65.14663424,76.47097917,48.57731338,83.81837025,192.0836127,209.0248325,94.95353865,64.63831738,8.599559033
1.842186765,12.29677528,24.77303325,69624.36434,20.4143311,3.987969517,1.025887507,23.8447462,3.022037997,3.080382988,2.340374228,2.236513517,66.7745,77.72023531,50.20269915,83.65461539,178.063105,207.3839438,110.7275346,64.07101244,7.024355053
1.843125,12.38492608,24.66204301,70009.69231,19.05829923,3.737620008,1.002280808,24.9086566,3.025050825,3.083098228,2.330388761,2.236074636,67.66423934,77.5150488,55.15913045,75.26215252,145.6149634,204.4029208,130.3801243,88.0214617,5.37645174
1.843125,12.38492608,24.66204301,69732.01899,17.6816283,3.77009929,1.002288821,23.18082727,3.023895548,3.081818558,2.310011277,2.217807508,67.66466029,79.89642825,59.19009986,66.704809,125.2141001,229.1653346,139.3451295,77.28643005,5.754774027
1.84411824,12.4796473,24.54712798,68522.31567,18.14084302,3.875026481,0.991519432,23.01191513,3.024443676,3.08236908,2.309940104,2.197959908,66.82839132,82.32014477,62.13922472,65.1716777,135.6259142,218.6015852,134.3375286,69.77008348,4.7550607
1.84411824,12.4796473,24.54712798,68018.19157,18.91178475,3.954608607,1.002207063,24.30925407,3.024941195,3.082973575,2.304859047,2.169816963,66.62207526,82.33290745,61.86653876,53.26649553,120.1280512,228.952727,143.1162951,73.19462026,-11.90765753
1.845041989,12.56710783,24.43908633,68568.0827,18.57536689,3.749829525,0.996849764,22.50635293,3.023090517,3.080722713,2.323912667,2.207445561,69.18397593,83.31242037,68.69459613,58.90981998,138.219861,196.2625306,149.6646556,75.63273749,-11.6884619
1.845041989,12.56710783,24.43908633,68409.35106,19.56829827,3.748285651,1.008660534,24.13682213,3.02417783,3.082023729,2.32216953,2.201776416,67.08372107,80.6121584,96.91861787,63.47305388,108.9332443,195.8194631,145.3713919,80.975839,-13.1428392
1.847289037,12.80208638,24.21719601,69291.17839,17.70664793,3.56105929,0.995865933,25.23826967,3.024944951,3.082516023,2.32498419,2.222586695,63.43351271,79.14936947,94.71625146,83.62469464,104.6679075,193.2299093,126.4638203,96.95698836,-8.7834904
1.848269678,12.89559947,24.10372634,70662.32687,21.17512663,3.937957572,1.002262138,23.7860952,3.024759147,3.082254067,2.343904304,2.231134313,62.477493,79.22656701,96.83567564,81.79868184,101.9288918,203.0991435,117.3781225,112.5473225,-6.8154807
1.848269678,12.89559947,24.10372634,71349.59133,22.98649,3.797224252,0.996383981,22.92511393,3.026965785,3.084571329,2.316709944,2.246959751,63.09212035,80.23483985,100.4288552,85.43345928,105.157712,200.9688082,118.9117604,110.1618517,-1.6927459
1.849199336,12.98295349,23.99376744,70949.48742,22.57329588,3.92066908,1.001846794,23.58433947,3.022558649,3.080032692,2.254995273,2.239561634,62.80453165,79.18081852,93.45159989,86.06285031,120.286525,216.1996604,120.8441419,78.88555126,1.9828236
1.849199336,12.98295349,23.99376744,70173.7947,19.681371,3.766567642,0.993527764,21.99140533,3.023507162,3.081263056,2.257355432,2.242894102,71.09592,78.20418632,77.70160756,78.85088153,144.8372616,214.8798413,128.9472643,59.85044847,2.242473153
1.850136258,13.07192755,23.88798272,69141.22891,20.03346042,3.747211357,1.003028779,23.8400538,3.026542169,3.083881984,2.276785928,2.251908969,64.45509,74.45345332,66.38150918,93.33545672,151.3455623,199.9850867,121.5869966,59.86008915,4.158973547
1.850136258,13.07192755,23.88798272,69423.43859,21.98119939,3.961537499,1.008928121,22.5908086,3.025385775,3.083019286,2.312105781,2.266552336,71.55092019,75.1880535,70.90216559,97.08489586,156.4438294,209.7552652,98.46732181,63.5339219,6.689344253
1.851050183,13.15845796,23.78109006,68240.57937,22.74112233,4.240702583,1.004158985,23.86468607,3.02578714,3.08345858,2.319907873,2.254590406,67.16006604,75.8899623,60.21821959,90.63918634,160.3697413,221.2565419,93.72372648,56.19228202,9.285089067
1.851050183,13.15845796,23.78109006,68766.84481,21.21334749,4.488568188,1.058963466,24.33271367,3.021450582,3.078993093,2.365315623,2.253588045,67.09189,75.87852112,44.7884579,79.43678325,202.7228977,206.2618073,108.3310889,42.97208669,10.65712513
1.851050183,13.15845796,23.78109006,68994.58601,20.85857963,4.802652582,1.100099733,23.81307473,3.020200603,3.078124215,2.357778324,2.206169473,69.08685131,79.08738328,41.57083203,76.77082186,210.5227229,208.4303976,105.8144875,43.05586868,10.63488423
1.8520299,13.25188372,23.66772757,71938.8533,23.0175708,4.487631387,1.102494314,22.6998972,3.01968051,3.077781749,2.376248328,2.257317845,68.68037275,77.63228621,41.53675441,91.19914493,200.3780345,210.3944216,122.27543,49.23045539,15.36494097
1.851538978,13.56065188,25.72025538,72170.95213,22.9172907,4.694109164,1.09804648,23.34387407,3.022480424,3.080145737,2.269473505,2.2394506,68.13650184,76.72350083,64.91189372,79.48773246,175.033262,203.9587883,133.4752901,65.13394276,21.216005
1.852463038,13.6481418,25.61217742,71533.35211,21.98291319,4.902404716,0.999779504,26.18957267,3.023405858,3.08106617,2.246128448,2.206208925,69.37861897,81.71106559,68.08013505,98.93875699,167.9862691,221.7148395,102.5474878,57.09548391,20.50859293
1.852463038,13.6481418,25.61217742,70637.52866,23.52662806,5.033322247,0.998448029,22.879367,3.018602217,3.076654655,2.267459841,2.143206204,68.95130586,84.05480827,71.26699477,103.4485703,160.6613268,224.7675211,79.19363099,68.95107597,20.20254987
1.852463038,13.6481418,25.61217742,72137.10562,21.89614085,5.083678925,1.008597685,22.4770274,3.023635896,3.081250564,2.352240637,2.177502076,70.22992346,82.57759202,85.53627692,95.94207354,164.0737866,218.6629145,85.78074995,75.773169,21.65261393
1.853405042,13.73677647,25.50143193,73161.02991,22.6074169,4.693172494,0.999749347,22.98024467,3.023170337,3.081025367,2.355627305,2.170979916,69.28489011,80.88344321,77.81794954,93.16668897,176.960474,224.3527013,93.90963569,68.12716559,18.411848
1.853405042,13.73677647,25.50143193,75265.17085,18.82052044,4.611106385,0.987269179,23.82597747,3.025346336,3.08245493,2.256772241,2.176153147,66.1058066,76.32083933,80.12357115,99.8213979,183.9372414,218.2649634,95.3825244,77.93467797,15.30937683
1.854329412,13.8242958,25.39331765,76989.4541,21.33841513,3.837748075,1.000990063,24.919214,3.024888749,3.082432077,2.322457605,2.206630551,63.08448209,76.98362008,76.41451434,103.1753631,178.8630821,222.8204295,108.0068716,82.37192892,13.82153013
1.854329412,13.8242958,25.39331765,77450.97132,20.50299742,4.057755857,1.000176012,22.6658806,3.023004203,3.08056669,2.329831771,2.211418762,64.1377,77.50865575,71.86372324,101.6812996,168.276956,236.0512591,115.552518,81.83915651,10.181669
1.854329412,13.8242958,25.39331765,77434.06761,20.39286528,4.32700685,1.006260819,25.18783067,3.023758918,3.081517011,2.208171313,2.189840201,64.13519795,80.56005983,64.97080491,100.4072971,145.5775926,265.405769,115.5951082,81.78580303,6.47777042
1.858014113,14.55186492,27.00015457,80304.65364,14.77573047,2.68611497,0.995950041,22.96499593,3.024602434,3.082471441,2.214131303,2.218225365,64.45509,78.23292629,77.76050232,85.05400398,145.0705138,250.865594,156.7594148,87.70414758,9.26625972
1.861096346,14.85804651,26.63575415,77090.47105,22.11698253,4.122481358,1.001196444,24.63417447,3.024733095,3.082785739,2.188655015,2.188915448,69.20115637,82.29359642,66.21900366,56.48307618,165.9201259,253.9212063,170.2929341,57.80984665,4.674250067
1.864833887,15.21191694,26.1986113,75958.54511,25.23461739,3.517749366,0.998736543,22.47937347,3.021735168,3.079680115,2.249693311,2.193898179,60.5389548,81.86424505,54.01443236,64.97611033,139.2164034,255.8632509,171.8609675,71.07182204,10.3763884
1.864833887,15.21191694,26.1986113,75187.89641,23.7008657,4.443185503,0.997675322,22.2224868,3.0245087,3.082116125,2.221418938,2.164869154,62.18463072,79.12185424,44.63026822,65.88804452,173.8819123,240.7757085,159.0135264,63.41485921,8.79746548
1.864833887,15.21191694,26.1986113,74612.06583,20.71173913,3.291525162,0.999781542,22.68464813,3.025498883,3.083220858,2.255597071,2.179788046,62.85284291,77.52269348,56.16127574,57.32469446,174.3737404,251.9961619,145.2808433,59.16854307,-1.286376833
1.85610084,14.37028908,27.22404706,75884.23649,21.42168979,4.572684483,0.992951922,23.26176387,3.026654676,3.084203593,2.254923653,2.177813831,68.62420274,79.50248226,53.56835147,75.87346096,188.4061056,249.9719496,133.2466422,55.14103175,-4.138840207
1.857358804,14.50417608,27.07289701,75622.09331,20.98140932,3.359122778,0.999789459,25.47638807,3.025863428,3.08357129,2.296186227,2.189372223,63.83523738,81.4815994,58.02436147,87.02076463,167.2689917,251.6612457,126.7307257,63.84197587,-5.026959467
1.856380857,14.4111665,27.18739116,78344.61695,19.59666311,3.229613549,1.002186611,23.28170567,3.025743036,3.083339748,2.254136438,2.186097688,64.91924137,77.79990828,71.44409616,94.26026426,161.5577704,256.716606,136.6184698,63.04073151,-5.126531807
1.853243697,14.09977479,27.55821849,79775.19359,17.87679263,3.003539426,0.995749179,22.76558533,3.022388436,3.080064358,2.198135582,2.202225678,60.8417,72.82208197,72.41661578,89.02627399,160.4538158,250.3881804,154.949949,71.00784659,-2.514336673
1.848537815,13.65422185,28.10861849,78636.17111,23.25945028,3.563413359,0.975393481,22.64593993,3.024314488,3.082387752,2.203425502,2.202016497,60.8417,73.79733927,68.94887435,78.85156886,160.7201268,241.6722199,163.6370291,72.49011447,-3.9581296
1.848537815,13.65422185,28.10861849,78568.60918,21.33750734,3.373595315,1.002467695,24.6552884,3.024225155,3.08217853,2.19235013,2.167689508,67.09189,75.79031585,81.97396221,82.7530217,168.5124413,226.5680858,158.1001072,70.49867039,-6.507564
1.848537815,13.65422185,28.10861849,78804.17973,21.02619378,3.421486553,0.996115448,21.56677893,3.030601043,3.088319497,2.179193439,2.184664167,67.09189,74.54841047,85.09374266,94.28682195,145.1399271,227.7135189,151.54791,87.31006497,-4.7005059
1.846673387,13.478125,28.32656586,80527.03702,17.79149783,3.214121298,0.996192471,23.78023087,3.123691134,3.180091887,2.297402697,2.283231868,70.65987055,76.34441949,86.13492886,81.50635965,153.561115,224.9037436,154.914003,107.3051282,-4.737429747
1.845764706,13.39166387,28.43296134,80640.28079,19.40201546,3.372972406,1.000687516,23.97964067,3.118614882,3.175079916,2.354895288,2.282092439,69.48135586,74.09060822,70.95049253,81.37816287,152.3844915,230.4955274,158.296059,112.8915223,-4.593767
1.844771352,13.29718561,28.54926026,81802.41968,16.99206389,3.240145285,1.003620317,22.83479307,3.119099099,3.175443362,2.384547412,2.279320892,69.479193,74.25353855,78.09635073,82.27570963,138.6598016,244.0409484,178.1657657,98.03741892,-22.0880966
1.843846671,13.20963685,28.65741089,83097.89011,18.28845119,3.398312839,0.996229404,21.2958164,3.119213859,3.174954732,2.395322641,2.294775754,63.83826478,66.75054091,87.41160734,82.69226596,131.4564697,238.7083825,177.6742963,116.0034084,-24.31930687
1.843846671,13.20963685,28.65741089,84369.56695,20.4497334,3.508094612,0.999843816,23.719234,3.117980923,3.17405,2.441910526,2.341766829,63.83891271,67.5276469,100.1436813,69.0091374,125.1996218,249.8166082,184.706516,120.0524917,-25.97404907
1.83912605,12.76311597,29.20941849,86275.35407,16.08694331,3.097184547,0.996271935,23.33566333,3.118467946,3.1744407,2.393708385,2.331689908,63.84009017,73.28785389,112.2631532,83.45271303,128.6422658,259.5022506,175.4899308,110.7216357,-27.197428
1.835344538,12.40508235,29.6517042,88459.43026,17.74826497,3.311344145,1.006979062,22.569695,3.116295617,3.172201601,2.377412193,2.335444813,64.73462272,73.86332204,116.8573638,90.09037887,124.257096,254.8818867,181.1114799,125.2482239,-28.84901073
1.830638655,11.95952941,30.2021042,85847.60323,18.89468291,2.01572182,0.99927281,23.30633893,3.188618619,3.244482389,2.393474659,2.392153955,63.8153862,74.26546913,107.3736389,102.0881063,127.5421591,231.4444193,174.8945547,121.4786349,-29.92439
1.826857143,11.6014958,30.64438992,85815.58438,20.34890705,2.115912792,0.995759396,21.44126827,3.148445389,3.205399723,2.415065514,2.415857104,64.11328,76.02039788,110.5298133,106.5634292,117.4481309,225.2855387,167.5212884,137.8472945,-31.34043093
1.82307563,11.24346218,31.08667563,80246.33197,21.24734246,2.545680643,0.99912572,22.2881742,3.145784539,3.202428027,2.359168037,2.34944438,64.93313504,73.9779242,116.9188143,95.02137416,107.8705387,220.0938885,161.9023047,109.7873653,-33.16556387
1.819996676,10.96589428,31.44299867,77833.71199,17.67453069,2.406367395,1.001488044,23.85295673,3.143286552,3.200138856,2.414047146,2.388847636,65.1102635,71.82343883,133.987436,71.86657094,109.902271,212.1489149,167.4292122,96.16487271,-33.05707093
1.819996676,10.96589428,31.44299867,71486.02339,19.0349091,2.480581522,0.992326325,25.7778498,3.139835202,3.196319394,2.404919545,2.372468285,62.45899004,62.00519935,113.2379688,67.59309931,108.597428,168.0825378,165.6165058,101.7861966,-33.03632453
1.819996676,10.96589428,31.44299867,70201.03926,20.45751832,2.698022798,0.999275431,31.184207,3.138523529,3.195331016,2.403974948,2.369292053,62.45980099,67.86807512,85.38599556,74.16111446,116.8988894,163.1826437,160.2497035,106.9451599,-28.755426
1.819996676,10.96589428,31.44299867,71838.14083,21.09790665,3.268649238,1.009753043,26.9485038,3.140655197,3.197409885,2.40173077,2.366039586,61.56413538,71.60741162,96.12739984,82.49196764,117.9892974,162.5875775,160.0310664,105.8003243,-28.47518427
1.819996676,10.96589428,31.44299867,76240.39595,17.21928956,2.547167695,0.999550668,26.57431707,3.140248346,3.196377927,2.408602812,2.373985488,62.87724847,69.25363273,117.2871577,93.59401127,116.2602457,174.280523,151.7038833,119.3456284,-26.65340227
1.819996676,10.96589428,31.44299867,73639.99787,19.92911355,3.055322596,0.99981287,22.67057273,3.143842651,3.200264538,2.407376917,2.367962068,66.76577607,72.0504012,113.757202,96.91899517,89.06477882,187.7476754,144.7551201,113.9501067,-21.7785332
1.819996676,10.96589428,31.44299867,74126.38432,21.99958398,2.468023976,0.999921377,23.820113,3.142128731,3.19873592,2.426701324,2.385879338,64.71608756,73.66336217,112.8005576,105.8623983,117.8361252,162.7910942,139.136412,112.359329,-22.1715788
1.819996676,10.96589428,31.44299867,76302.62599,21.95093255,2.497117168,0.996121773,21.8823164,3.143487488,3.199843888,2.450223224,2.408370554,64.70387736,71.82864371,114.6353994,101.2871479,131.9371735,138.4673802,150.4325354,135.7706887,-25.67470447
1.819996676,10.96589428,31.44299867,73664.10182,19.53120677,2.232381092,1.003680836,24.87463967,3.144176479,3.200608584,2.412558678,2.375267862,70.3779351,74.58629827,112.3747858,91.60886502,111.7606595,144.6432741,148.8839386,136.8992723,-24.90420607
1.820181635,10.97177598,31.42452741,75584.30669,21.23108409,2.555016342,0.986915752,32.2328692,3.142850156,3.198666837,2.397624874,2.352073035,67.93718092,72.50723165,122.9818681,82.72158663,104.6752977,151.0366442,147.8451073,157.8841794,-20.08514867
1.820181635,10.97177598,31.42452741,70672.99813,21.36557962,2.500189298,0.999384848,26.9309086,3.141924739,3.198150665,2.415345561,2.369469639,69.95353265,72.22035997,86.9077976,77.76089034,101.8102915,152.7997196,146.6043393,145.8600416,-20.41915747
1.820181635,10.97177598,31.42452741,77174.57848,19.5958301,2.498835188,1.004360151,21.76970807,3.138325705,3.193981899,2.415124425,2.369861474,67.83687783,73.17088908,100.879283,70.44048342,127.1314735,184.9950494,161.7757963,133.1729322,-18.243398
1.820181635,10.97177598,31.42452741,77947.35022,20.14169588,2.550679155,1.002592069,22.47820027,3.140152842,3.195984111,2.408053471,2.357198895,67.8399289,72.70037096,90.68715871,109.3584071,121.820722,210.6727832,150.8388668,100.5353941,-20.13460213
1.820181635,10.97177598,31.42452741,74357.66619,20.36653126,2.51652719,0.99741858,23.62539453,3.140165894,3.195692502,2.448030655,2.391396155,65.13562072,73.386205,95.21049379,93.13788257,117.7887981,215.8806307,136.3775854,91.15489019,-16.05106
1.820181635,10.97177598,31.42452741,74255.80267,20.65101829,2.489473787,1.001983092,23.11162073,3.13908165,3.19487185,2.473253692,2.408721156,65.06097736,73.18932369,93.264157,89.07133462,118.1823482,227.4325461,130.8058743,89.43342799,-20.82895867
1.820181635,10.97177598,31.42452741,76726.63172,20.9390984,2.555681513,0.99684089,23.15971367,3.140251389,3.196355323,2.47082459,2.383596282,64.62280687,72.88264386,80.9862695,96.61132806,133.9213365,228.6041558,135.5777795,94.36370168,-19.96635653
1.820181635,10.97177598,31.42452741,75408.0168,23.121423,2.698971833,0.996455703,22.05005527,3.140568582,3.19619542,2.450612464,2.369525086,64.55275,74.29570814,70.2018847,89.98794671,125.9066594,243.2021902,133.2353807,92.35819681,-14.6587968
1.820181635,10.97177598,31.42452741,73682.43329,21.15978006,2.72675151,0.993439445,26.22828207,3.138558564,3.194280472,2.484588837,2.365638608,65.82733198,77.61720391,52.04460862,80.30240401,136.9639447,256.8223239,133.7744978,74.40275164,-11.11744897
1.820181635,10.97177598,31.42452741,76970.76399,21.52453268,2.691369091,1.002388277,23.43067633,3.137830068,3.193484455,2.477683498,2.366278611,67.970825,66.27726022,61.53310941,79.88891827,149.1011152,239.7822951,142.919928,95.33764603,-13.6708068
1.820181635,10.97177598,31.42452741,76636.7902,20.31169217,2.684452672,0.996537263,23.4470984,3.138413032,3.194155689,2.444326404,2.327455233,69.26481,71.33054391,106.3266973,70.87702839,131.4922603,233.9827807,150.6254719,80.86857792,-17.37918827
1.820181635,10.97177598,31.42452741,75904.73432,19.56339008,2.684810181,1.00038323,24.6928248,3.136003371,3.191273528,2.500867684,2.34458414,67.92855897,67.51831847,94.18198619,86.00325035,116.0998288,208.1769255,145.5628809,114.1086957,-13.8947828
1.81996008,10.96473054,31.44665336,74250.29849,20.89883361,2.882184771,0.996371993,25.05528187,3.131882505,3.187555616,2.518940442,2.317687295,66.07523416,71.42718947,96.8243274,92.18071438,108.9094485,217.0999121,128.9613092,104.7944054,-23.60719973
1.81996008,10.96473054,31.44665336,74557.39929,20.43672297,2.898453535,0.9963326,25.69222073,3.134022966,3.189511319,2.545227077,2.329608029,63.96576511,73.2474137,122.4166298,95.34325534,119.7247256,168.3249005,136.8584301,114.4097494,-27.6936088
1.81996008,10.96473054,31.44665336,75725.3563,20.35785785,2.634761245,0.997884708,26.94263867,3.136934758,3.193303471,2.553164828,2.338422321,63.9945786,71.52828469,136.3760352,101.8392941,119.1415656,144.6380895,146.8782386,122.3927266,-27.2385794
1.81996008,10.96473054,31.44665336,73365.61379,19.89327428,2.633842909,0.999672694,24.30104227,3.137010006,3.192621997,2.558475444,2.287077203,64.13798104,70.30605117,118.0892766,99.25464578,113.9420654,133.2206012,149.8672506,129.9623348,-31.22956887
1.81996008,10.96473054,31.44665336,76901.49347,20.35497811,2.760819396,1.00833498,24.549719,3.133106983,3.188630174,2.496753021,2.341689307,65.42700382,73.33802305,129.5410128,92.35648008,99.22011209,145.9387049,159.3672662,154.9962344,-25.739868
1.819966722,10.96494176,31.44599002,76240.07685,20.749714,2.638620974,1.003426793,27.2147744,3.127542123,3.183749644,2.27249261,2.309393551,68.07173049,73.0766087,140.1612189,77.47939635,86.12559121,132.5807878,188.7275108,151.9386916,-19.47443367
1.819966722,10.96494176,31.44599002,73448.11951,22.73596949,2.438613818,1.002039876,25.06818487,3.129255822,3.184530056,2.326462004,2.354086282,68.01965,74.75872368,92.97438421,100.3097811,94.58611022,151.313072,165.1986293,135.8465533,-19.85798167
1.819966722,10.96494176,31.44599002,73607.8292,20.67854872,2.398263811,1.002034148,25.38841333,3.129275588,3.184498904,2.297628125,2.324048174,67.7847209,72.737021,90.76519679,103.7120202,114.0393276,158.8343052,152.6588684,121.2192593,-17.36630607
1.819966722,10.96494176,31.44599002,70791.7863,23.13017979,2.69331231,0.999327549,24.6846136,3.128586652,3.184545183,2.286099431,2.310103933,68.94742,73.24160368,93.2525673,111.3286433,118.3901012,150.8218438,140.8745198,99.44852971,-12.496855
1.819966722,10.96494176,31.44599002,67447.0338,20.23220198,2.429036596,1.006689273,25.78488767,3.128102398,3.183516958,2.328848609,2.344465386,68.94742,71.75968809,92.69513972,81.58199784,120.5347632,215.8179814,92.3486562,78.21003565,-13.74863867
1.820188425,10.97199192,31.42384926,68029.00149,16.95249665,1.843970933,0.998292962,28.27164873,3.124950081,3.181159783,2.390764467,2.376248441,62.15748411,68.96651643,98.23422398,91.12901648,125.4113925,180.2162411,111.9864043,81.01663601,-8.964157
1.820188425,10.97199192,31.42384926,66723.53334,20.74119188,2.118229125,0.994563984,26.77372693,3.130330636,3.186094294,2.394369548,2.362977657,62.15329903,71.51664599,102.1542949,99.19066013,118.5608494,156.161219,114.7879547,85.04064017,-5.6215739
1.820188425,10.97199192,31.42384926,66987.67875,18.84308475,2.166944432,0.995575232,26.5532026,3.132368964,3.187871111,2.413085676,2.377891342,62.14904851,75.32610885,111.9132239,106.0601439,119.0184874,138.4569284,120.4935496,84.55624691,-6.412006453
1.820188425,10.97199192,31.42384926,65289.26588,19.35450702,2.34538609,1.008180984,26.42534527,3.127131537,3.182831257,2.359281159,2.339326988,62.6006981,76.18588845,113.0171813,105.773242,123.1531915,122.9942592,124.1290298,74.93422913,-7.83599406
1.820188425,10.97199192,31.42384926,61790.99438,22.51488228,2.721065925,1.003593894,26.37842553,3.129654373,3.185634897,2.354013329,2.340970479,66.60359,72.67246734,82.62410603,90.52663514,113.2627224,140.7583083,110.3209115,86.05953538,-3.18453868
1.820188425,10.97199192,31.42384926,60682.58595,24.08100134,2.978097183,0.997237134,26.4968992,3.124346839,3.180871733,2.345830041,2.321571847,68.26034575,78.43343521,61.65498991,79.11111699,119.954326,147.0450887,111.3352083,89.36809979,-1.376673397
1.820188425,10.97199192,31.42384926,61083.98055,24.61407603,3.216916972,1.001594715,26.6904434,3.128082549,3.184284195,2.323696512,2.324737449,62.01361,72.99062003,50.48842289,89.78381085,126.8596204,156.9400619,98.24014893,87.92884504,1.017969257
1.820188425,10.97199192,31.42384926,61833.40453,21.5441092,3.139607694,0.99655039,27.5830962,3.12742087,3.18364034,2.312764664,2.327850177,69.4043935,72.90045304,76.18221468,86.16117427,135.194756,149.9908675,120.3509749,54.79906194,1.166980143
1.820188425,10.97199192,31.42384926,62363.64559,23.18365685,3.394683956,0.993849355,24.3972284,3.128392838,3.184803131,2.335751472,2.340420735,61.70937484,75.47243331,74.31247006,90.86674365,114.0655218,136.5181832,117.915593,93.82938006,4.4736362
1.820188425,10.97199192,31.42384926,64785.53271,19.32332707,3.139265189,0.996156128,25.13269973,3.128126378,3.184133355,2.349989968,2.338688198,60.817287,73.59541158,120.7105649,88.859257,114.961608,132.6610913,130.4554125,72.88592153,4.504432027
1.844414536,11.842786,33.55843876,66156.45828,20.99596222,3.289583528,1.005923312,26.3115648,3.133753551,3.188699609,2.362542185,2.340885184,60.817287,73.66090664,120.3668752,93.01766081,121.8538084,129.3398401,133.5660826,75.82236192,5.525791573
1.843926789,11.82617304,33.5571381,68336.01136,19.56394942,3.411496596,0.994418932,23.24886133,3.133380734,3.189213228,2.384995353,2.355352432,61.720634,71.01674308,119.8708223,99.13549272,128.5464134,132.5369099,133.7582395,81.38739846,2.469097693
1.86921797,13.71236273,34.96545757,68323.24241,22.89311718,3.785605245,1.001998815,22.5650024,3.131930312,3.187029524,2.36340239,2.36614369,61.720634,74.06571163,109.328407,117.4632496,131.261838,133.1589729,125.1029423,76.7422877,0.23440622
1.869986541,13.74991925,34.98239569,66243.60205,24.75435111,3.20123472,0.999149881,22.3702844,3.13018585,3.185882094,2.318756627,2.333164825,65.13871,77.27293567,102.0215269,104.2668594,126.7973698,144.2684121,110.9262233,82.94090506,5.51381866
1.869986541,13.74991925,34.98239569,67504.5425,23.4128131,3.204053849,0.999126149,28.25639833,3.125560175,3.181817767,2.30730879,2.321023435,64.42609114,77.62655702,112.1518602,108.4384564,123.2094737,138.1146253,110.255624,93.44317578,5.590465
1.87067654,13.77502524,35.04163581,67439.64193,25.47969011,3.388988913,1.001724507,24.55558347,3.128518379,3.18493747,2.308791824,2.306446042,64.42362541,76.58182938,123.1087839,106.0721563,111.7354094,127.4769491,100.4258332,118.4130434,0.996251847
1.869876872,13.73604659,35.02351414,69290.10254,22.43880645,2.947615423,0.999039487,23.20546033,3.127023202,3.182989105,2.315378023,2.302523024,67.52333546,77.26357318,113.3989892,106.4083892,105.3419872,134.9761375,87.54445836,155.7059838,1.3646469
1.870535774,13.75973045,35.08157072,69552.47605,21.30291817,2.743925402,0.988653573,22.8559068,3.129203555,3.184966344,2.271241596,2.253109975,67.52126863,73.9453167,108.1890358,120.1678995,118.3643247,134.8700717,96.48821128,126.853989,-1.823746993
1.871342982,13.79898014,35.10035678,71864.73175,16.74414133,2.472299099,0.999747304,25.30278453,3.129961746,3.186262,2.352551121,2.328900302,67.52151724,70.70154422,123.7795032,127.2165939,131.4411854,129.615556,126.5240102,92.16357326,-0.874356107
1.87204576,13.82393674,35.1638358,71716.38697,22.36860794,2.923310299,0.997851744,23.57730127,3.130572807,3.186094254,2.393322092,2.368593058,60.82020595,70.01498106,129.8746749,140.4876861,134.5816374,116.234016,139.601959,69.78219052,-0.946918703
1.872711978,13.84788358,35.22253701,71802.41566,19.80610851,2.858260575,1.00199745,24.74326373,3.132476358,3.187918103,2.390327953,2.355943654,64.42291853,76.74103353,119.5980167,144.7363253,136.3088474,125.6631688,134.2265472,68.74469671,0.780120545
1.872711978,13.84788358,35.22253701,70724.77679,20.05543168,3.163450397,1.008541298,22.5931542,3.126433064,3.182664333,2.373819726,2.344334883,63.19155806,75.56975845,116.8928788,131.3301322,131.6894479,131.4543268,130.366155,76.49414791,0.308341385
1.870710199,13.24023898,33.56122518,71655.01601,21.42831589,3.541436365,1.001967662,22.23773527,3.133285234,3.189394652,2.361721201,2.36458218,67.99793312,74.72386856,112.4789035,110.6939866,123.6745257,143.5916213,122.2799016,113.7468693,3.541434207
1.874102996,13.36219118,33.86016829,68833.17066,23.89005263,3.884116433,1.001976285,22.27996273,3.132210933,3.187712269,2.34231752,2.345858326,67.99524,84.09706587,96.95838155,115.1859291,138.4567657,143.6466738,106.5626705,94.88612599,3.915201507
1.877530283,13.48525908,34.16420592,68062.92683,22.32287803,4.026062349,0.995512819,23.19490333,3.131697474,3.187310655,2.323465442,2.346634871,59.97592591,80.22616229,109.0123398,123.1859201,109.0952154,142.3468393,102.8035871,104.1511052,1.009269448
1.882981157,13.68118775,34.64448856,67239.49934,18.75178043,4.203945449,1.007703193,23.8083824,3.132114047,3.188078847,2.361458497,2.371562242,62.599567,78.84128678,109.2166079,114.4286599,132.3177729,135.1627042,128.6325446,62.6519883,2.757054741
1.885008415,13.75418041,34.82105688,66644.33796,20.40705801,4.345280048,1.001865872,23.54328413,3.13261216,3.188494868,2.382090333,2.373192001,62.794884,80.53798666,110.6575243,117.936022,139.2622756,130.9323926,127.3405848,50.72061408,-1.1719869
1.889868731,14.03311006,34.96679906,65645.30499,21.64264921,4.39926217,1.001845875,20.34920527,3.131743643,3.187386734,2.346176884,2.361160879,62.79590135,80.11599292,98.20162217,108.8153617,130.7839004,130.5426247,118.975751,77.23384982,-0.919456827
1.894178404,14.55916834,34.35939638,66491.32305,20.47874971,3.948312153,0.994666056,23.8412268,3.131425147,3.187660636,2.400337354,2.396684163,61.8367758,76.94439691,104.8995767,111.7221594,127.1893923,130.0052333,132.9011011,67.40137151,-4.97224138
1.895442656,14.97637827,33.46584172,65104.54596,19.75414735,3.961962211,1.008347739,25.8259428,3.130413622,3.186444651,2.382653138,2.355324561,63.22194514,75.68715452,101.919614,107.3473063,117.7328051,119.9407434,116.0956121,96.91838099,-0.258917536
1.897427901,15.42063045,32.63005366,63285.72277,19.03378419,3.979590431,0.995757457,24.72801473,3.132433726,3.188560977,2.357883024,2.327647572,63.31005239,79.8171024,117.4624653,96.6954247,111.4773632,128.3344206,105.1710227,86.09522849,0.80471327
1.899010731,15.79377599,31.912334,63672.84516,21.81687573,4.348342919,0.999002193,22.33626753,3.12390471,3.180623527,2.41050952,2.37730974,63.72002752,79.80605128,92.60651226,106.2587046,106.1673813,117.9806526,111.8759675,109.0709407,3.9656627
1.898186356,16.11960399,30.91518802,63228.09899,21.32782345,4.659431066,1.000514671,26.05467753,3.127319272,3.18369945,2.399181632,2.362937315,63.1786762,78.06326865,86.3959368,99.7782237,120.678148,135.5650242,100.7397424,95.28887124,5.6330414
1.875396138,15.56356858,28.19219041,63457.06613,18.53636783,4.229064678,0.995598115,26.99425067,3.132043848,3.187521231,2.4085927,2.387446517,62.794884,78.58783841,82.99207041,99.85018579,142.4122864,133.7518354,105.5452609,75.60404515,2.999142847
1.875942077,15.84558589,27.52908788,61370.42623,19.14079845,4.216754796,0.992159638,24.67171073,3.126419365,3.183051863,2.386576228,2.367274157,62.45756768,77.41064805,71.74829757,91.8775884,140.2296787,148.6666101,115.6680232,49.07107056,7.24752
1.875329561,15.93133822,27.18301598,62121.88364,18.51225747,4.171855799,1.011842845,23.84826427,3.130593244,3.18698245,2.3654513,2.354802814,62.32345383,78.55165711,56.95956527,93.94022203,144.4459592,149.444303,118.5946568,58.34885825,7.287364127
1.876129249,16.09870414,26.77918546,63614.01508,19.20662835,4.261656784,0.999462103,23.6183568,3.131560542,3.187953796,2.363826268,2.372330073,62.31390879,79.42418869,83.55247275,105.5459861,129.2373516,132.4255524,118.0327283,72.88070152,9.503043933
1.876276206,16.34132446,26.11933444,65199.53853,19.27732539,4.20249796,0.999232137,23.26411073,3.129386193,3.185849959,2.344838947,2.363539812,62.93797814,78.46472608,119.5781939,98.31372177,108.2213772,136.6903046,102.2626109,99.4273866,10.9401749
1.878754993,16.64436085,25.6301731,64709.40294,20.31274703,3.903509979,1.002007097,23.75090513,3.127659205,3.184359705,2.285095555,2.308085232,62.2303381,78.94821157,110.2368827,93.44866986,115.2786681,139.5560593,109.0853603,90.1406929,12.05149577
1.881494949,17.00295623,24.97454545,65453.34677,17.68639516,3.890666547,1.00803351,24.48520387,3.128110507,3.184768068,2.334006341,2.353340978,67.82788643,76.34297187,96.99344089,109.262095,132.018213,134.628274,96.61380258,92.98979177,16.08123467
1.883473578,17.40193874,24.13084483,66436.73266,19.76726013,4.355324247,0.99838208,23.28405167,3.130785495,3.18695566,2.359471125,2.364171607,67.1706986,77.76732855,101.0025052,142.072523,120.4214516,128.6595182,94.62317125,86.12401076,15.44092253
1.883742848,17.68143049,23.33833726,66563.00248,17.97053695,3.885488603,1.010538381,22.8359658,3.133256634,3.18938516,2.380341406,2.384176894,62.01361,80.23070002,101.5085003,97.76023657,145.8524851,133.853001,114.9409764,80.21465336,18.6044
1.883892256,17.90152862,22.76756902,67306.49413,19.08029475,4.243028261,1.002041692,25.16554353,3.13369847,3.190114108,2.362550547,2.386753043,62.01361,78.20777089,113.3077708,107.7372383,131.6701194,124.6834308,127.8345817,78.62841833,-2.375729213
1.886428812,18.21132615,22.26918883,66114.75971,19.7946017,4.88202466,1.020350844,23.578475,3.1328885,3.189367431,2.37685133,2.382109231,62.01361,78.49442401,115.1940759,132.747669,129.434667,115.4116292,114.9078561,64.87036173,-4.879860127
1.886759852,18.38514315,21.81306164,65733.4955,19.2029022,4.380005317,0.99899631,26.882816,3.129983069,3.186277631,2.373383301,2.366648953,63.37504285,76.27939855,114.0492019,112.3703305,136.8752557,110.2849852,116.1109807,78.92524879,2.560727017
1.886777778,18.49558586,21.47268687,65869.06654,18.61863402,3.961509223,0.999137952,23.4212924,3.145169767,3.201810236,2.338060673,2.39618271,61.281166,84.11961675,125.2427349,139.8849115,117.4331531,105.7331823,99.36481463,84.68791444,2.060283727
1.913608317,20.58706573,22.60586854,65416.65184,19.97096301,4.107671285,0.999135016,22.9556114,3.141711954,3.198651228,2.309716257,2.363918108,60.81844524,73.71483147,112.3415703,111.620826,129.816771,134.2518536,97.62345425,79.3408727,6.42843928
1.915104027,20.70029195,22.49177181,63711.30466,17.54510578,3.994771949,1.008386787,23.7039856,3.138454598,3.19533897,2.305099419,2.351705477,62.7359166,75.5914024,77.03658953,114.5692196,129.4545138,116.4014417,94.41477391,109.4808002,7.71271648
1.917033557,20.88297987,22.26609396,65342.20485,17.38976469,4.007507337,0.99645518,26.2810662,3.136285505,3.192989843,2.38698272,2.403613099,64.53218416,76.1851676,109.1285286,120.2590271,132.6797946,123.1028213,92.46365335,86.17790178,6.552674387
1.918325503,21.03557718,22.04985906,64184.43167,16.874564,3.914546741,1.001798369,24.14151473,3.131642801,3.188162477,2.351189279,2.356600283,63.67915982,73.38425164,69.12013008,130.1831095,131.2347562,123.7930524,99.03634938,91.01787301,8.106758
1.920255034,21.2182651,21.82418121,66241.66948,16.67941134,3.636410159,1.001515178,24.89927287,3.13449961,3.191131713,2.413054586,2.404187746,63.21286592,73.19662761,86.17092236,125.8400331,134.5775199,133.1289934,98.55263166,89.66770838,8.813855533
1.920624161,21.28348993,21.71587919,66270.33568,19.67266644,4.493549862,0.99577242,24.0617508,3.135892158,3.192663809,2.39413089,2.378371252,64.10741176,79.75000709,53.21757257,142.0184209,134.4152055,153.1239517,96.14186243,82.85566947,6.67585632
1.921283852,21.28733868,21.75973253,66078.31048,20.60079063,4.654213089,1.001760768,24.30456167,3.137193546,3.194003113,2.402364688,2.382422102,64.69924,77.61292638,52.84456762,127.4241032,138.6455202,168.2255618,98.39418709,74.13755694,5.91824948
1.927292634,21.58541141,21.62908427,66467.2604,18.49667763,4.273113897,1.008170647,25.26290247,3.138970591,3.195714008,2.416367382,2.397806564,58.62472451,76.15010993,56.56878472,125.6418433,153.8060603,165.8512243,79.30411317,83.21103827,5.226538627
1.921502986,21.24950896,21.8496284,67591.17927,19.0336693,4.197791047,0.995614644,23.4869804,3.135611788,3.192275656,2.46028753,2.44447492,64.67614166,74.93927826,96.3814735,130.7563536,127.231069,139.3020222,96.37426104,93.59535872,3.25965324
1.921138023,21.18501991,21.95670869,66282.88892,19.91119827,4.442208243,1.001789838,25.4130466,3.134283969,3.191026185,2.449724121,2.428062947,63.49454768,78.51723843,71.36541207,128.4508529,136.90278,147.9394468,94.59813186,86.24132006,0.5682569
1.921685468,21.20691772,21.95707366,66477.15096,19.20495089,4.456085814,1.001798879,23.50692193,3.135122553,3.191663329,2.430825689,2.415694214,63.67975523,74.22453047,80.01558956,101.4041009,129.532049,181.9970961,89.62628354,86.54165789,-2.949004907
1.920922362,21.07207697,22.18096881,67090.35892,19.97122949,4.565864694,0.996382706,23.81659393,3.134608913,3.191418288,2.442731171,2.431245046,65.09060474,74.2221312,96.41024057,97.48740429,109.5740448,167.5769295,115.9597548,91.37350954,-0.509993689
1.923891838,21.14096549,22.29027206,65841.89998,18.00894652,4.114451598,1.007317807,26.02417973,3.133116733,3.189879819,2.420976129,2.402259971,64.69924,76.50833652,62.63399065,74.12503941,99.00943483,171.9500291,140.0087254,111.6336675,1.535199974
1.919827472,20.87860982,22.50220969,65846.49234,19.40089648,4.513669012,0.995800651,24.93563563,3.128552029,3.185150728,2.418741642,2.397359416,72.634056,80.21703466,59.87847194,63.8953503,135.968377,179.5171967,123.0938064,96.56801681,0.245588275
1.887239156,17.68924971,25.97604924,60347.51573,17.87183321,4.63844337,1.005407769,23.84709153,3.020481324,3.078585511,2.216902058,2.19575436,62.92409218,70.36654721,58.24175774,71.55381468,88.09299836,230.8098864,89.12976907,66.93363752,17.55862213
1.887748461,17.71075638,25.97418352,60726.54653,19.23064195,5.031958368,0.999074663,24.39136313,3.015766689,3.073120881,2.219729988,2.194842525,63.38318544,67.70359521,49.68353566,57.56101245,98.55140533,243.0520296,99.21515702,58.51682231,17.8586248
1.888464452,17.75554196,25.93501748,61087.14134,20.10595958,5.187573228,1.001324788,24.13213073,3.01690052,3.074508775,2.283327754,2.252249385,64.26962789,69.18210275,56.24308817,68.11731292,90.12887993,257.4767956,88.32787144,51.04165563,13.07580127
1.889312555,17.8361171,25.83499563,59373.89155,19.26230498,5.102103522,0.999308584,24.18139727,3.019789552,3.07719614,2.285322688,2.261393167,64.11328,73.12028437,29.95279073,73.12159377,162.1223764,161.3868117,114.1738094,48.62322197,3.876042873
1.888999706,17.77045013,25.95710503,59010.35542,19.36035851,5.041007071,0.999263143,24.38432527,3.017344367,3.074514981,2.288089673,2.265834265,64.11328,67.85312832,35.78996804,73.15143249,140.8809295,166.7719093,125.9514204,44.34779588,1.029670226
1.890017647,17.81404706,25.95135294,58120.61781,21.00598367,3.866804537,1.001172365,23.17848167,3.020543839,3.077959756,2.271882163,2.252203398,62.31107203,65.29427024,46.30992048,66.59473661,136.8869123,171.3824425,114.812037,44.3221665,-2.955846673
1.88719035,17.5170962,26.34521918,59314.95673,21.26422461,3.995663492,0.995488798,24.35969287,3.016944101,3.074489479,2.301188274,2.2868593,60.22733132,64.44009579,43.20768482,80.01784797,126.5901462,162.5788354,117.7252559,61.56298985,-4.17887768
1.882747669,16.94854312,27.17429487,59711.11649,17.25507819,4.010003202,0.995256766,25.51392473,3.020055539,3.077015996,2.278014813,2.261870788,62.91985535,66.39699865,60.51467148,62.41116222,110.2859636,187.7700933,120.7766394,57.13272401,-6.622240927
1.879126129,16.5797291,27.65341101,62121.75243,19.69969659,4.421486714,0.998945158,23.8834542,3.019736458,3.077489426,2.286449636,2.263741014,64.12791386,66.16037595,77.04477287,65.14022646,117.3083052,157.7677265,133.3981387,75.04598845,-7.00821386
1.877644471,16.40183045,27.91322969,63814.20983,20.82588072,4.563861615,0.997513037,23.71806153,3.022646686,3.080163409,2.253068875,2.23587733,62.13117507,65.44466157,112.4838575,62.48915005,118.6242912,137.2303541,132.6427904,85.93418385,-5.32707966
1.877824033,16.38388249,27.97261884,65118.49386,20.39047457,4.551001947,0.995162087,23.83653493,3.020352485,3.078034109,2.295851046,2.277290021,63.91970002,66.03983862,135.4963074,72.36202246,104.4487618,141.7844441,121.2461498,91.58586656,-7.977349993
1.878984052,16.51997047,27.78069699,64657.35803,18.55652263,4.535019589,0.990811477,22.56148373,3.017114882,3.074736921,2.302700633,2.279414509,58.15607,60.53221206,99.26330313,93.23134466,127.5873816,138.1836084,113.6051015,83.12601595,-9.38667566
1.881494389,16.75764914,27.48708801,65171.96112,16.75812214,4.443111177,0.996006249,22.43597207,3.019782332,3.077323133,2.308137253,2.284099578,58.15343521,66.32729224,92.51688741,100.2248851,138.5316766,140.4881549,122.9429251,63.96910162,-9.106246667
1.883497639,16.9771281,27.18818182,64754.05268,18.03565761,4.574684197,1.061752553,23.3450476,3.017436466,3.075060692,2.27081403,2.252395914,64.43093966,74.69897367,89.4844254,110.2697385,138.2239656,130.1041203,119.4233174,66.48017034,-15.897254
1.885958075,17.20971066,26.90144671,65507.88333,19.32999889,4.188637661,0.997872309,25.14325633,3.024788295,3.082149542,2.254989936,2.239026176,62.61225169,66.88016011,124.1826723,91.49663059,129.5799047,123.5701364,118.3923856,81.18220534,-17.022949
1.89651723,18.19550351,25.80393443,65633.93599,18.68760581,4.682775894,0.999021124,24.05823227,3.022894539,3.080411141,2.304302782,2.285999724,62.86447839,67.38178731,111.7654896,75.37718634,121.687573,126.789367,145.182298,86.43012533,-17.88113933
1.898390228,18.37241299,25.58609103,64777.4482,19.27736667,4.672925734,0.995589636,23.0154344,3.019117036,3.076531103,2.28058823,2.252672959,62.4252469,63.0818849,113.9716374,75.02559827,112.9567652,135.4336599,135.444511,86.30584237,-19.30104873
1.899310576,18.45955154,25.47844712,64137.35021,18.67623734,4.733078329,0.99925943,24.01717673,3.019098819,3.076881238,2.242546473,2.217594635,66.0970955,68.2900328,105.104648,81.46327786,99.03467733,122.2336176,114.4527958,128.8509388,-19.61927907
1.900465194,18.50573628,25.47921687,64522.42202,14.89924393,4.04141526,1.100703173,22.99842617,3.02290908,3.080350969,2.246744991,2.222691032,64.79772578,67.2111507,108.6626117,66.46604439,120.3615252,151.1539773,127.8349396,81.1495238,-22.90285933
1.898978909,18.28669903,25.92619351,65004.488,18.81738158,4.615504486,1.008303194,21.9796756,3.022262329,3.079636312,2.284838221,2.263494215,66.61672567,62.21545309,84.4549619,72.50757148,119.5521735,147.1678766,147.413435,84.46448109,-22.5934758
1.897556076,17.96250418,26.71368597,65170.90157,17.14069074,4.418502136,1.035624189,24.16262847,3.021744985,3.079404397,2.25261458,2.224576296,66.61495793,66.03792849,85.6868824,67.8389842,115.6329065,170.4122419,138.9539306,78.85881812,-33.8574272
1.89580656,17.67709505,27.33676707,63419.20221,20.47335118,4.18123428,0.995576557,22.86880973,3.016705233,3.074287362,2.239767037,2.208836708,62.69669834,63.22412221,49.49635552,57.23126198,93.0772616,209.0986423,129.7743524,94.21479131,-36.95328
1.892744311,16.81426707,26.36780455,62772.63895,17.54770191,4.400075414,0.99830069,24.9215604,3.0168344,3.074650511,2.24230525,2.206352581,64.43230278,63.58038244,51.87482358,51.41837646,82.54598053,231.311166,132.2684299,77.57450987,-33.51638993
1.890624377,16.44312521,27.20304218,64041.53411,19.81262133,4.51186989,0.998089248,22.71866573,3.018866385,3.076978085,2.253389577,2.22321353,66.40876835,74.1163109,56.75137363,53.88692138,79.02991262,235.0906736,135.01618,80.85026337,-34.964687
1.889597873,16.08225989,28.16513792,63578.71738,17.56092092,4.067369629,0.995607945,19.93513573,3.019804476,3.077850341,2.248567622,2.220836792,67.62622187,68.96623447,54.61433337,51.73064302,66.16884698,246.5297533,133.6974618,82.80997982,-30.06141447
1.888306914,15.68939629,29.15599325,72360.69249,12.58932179,3.143307181,1.004325932,24.6060226,3.036427345,3.093346762,2.25292337,2.280728069,62.59915764,60.79724338,109.3482892,73.90855249,119.5289115,187.2859306,154.7483284,88.04425649,-29.073287
1.887817208,15.43672246,29.92576498,63150.97623,19.79196713,3.046430613,0.983146661,23.99137093,3.022719899,3.080548724,2.256720527,2.242969786,65.44090502,60.73286346,78.64842957,72.71906299,101.6850259,169.1549059,129.7002828,84.20088623,-28.10533833
1.886684528,15.06695244,30.88868051,61720.65238,21.58268135,3.304641765,0.995865519,22.5603104,3.022347303,3.080515781,2.262136097,2.242538366,67.653435,62.61280406,88.27500209,86.67668489,91.98016944,159.6118923,119.926476,77.57013824,-29.48190927
1.885591362,14.6923289,31.9189103,60131.69482,19.1363357,2.633891217,0.999114132,23.62891333,3.021926449,3.079131998,2.231285219,2.205437335,65.43692739,61.23542435,87.32980233,81.21917816,98.06146655,165.6740204,103.2843647,72.60608285,-30.80769
1.884837209,14.39425581,32.75834551,59500.05369,18.11291042,2.964060388,1.005558967,23.5209974,3.018943654,3.076731241,2.256291051,2.224292553,61.26591299,56.40782539,62.48431785,71.8997301,134.321751,155.4832055,124.2623009,48.66471219,-36.5511988
1.88249664,13.93437836,33.76697581,58271.37417,17.3238984,2.728448459,0.994735015,25.2324036,3.018116028,3.075865874,2.263467679,2.229616941,61.19492345,57.88067511,47.49138371,76.2126966,108.0206078,148.9717397,129.6699601,71.70937299,-35.287956
1.877536134,13.48438655,34.19561008,58765.27916,17.68007443,2.983494357,0.995685873,22.61074967,3.016437936,3.074416053,2.262799481,2.223351818,63.502914,76.56506699,46.5162545,73.09211834,131.0669951,149.5039119,125.9244703,60.58749126,-40.7883832
1.877536134,13.48438655,34.19561008,57959.70223,17.67168655,3.359082953,0.995577349,23.5116136,3.018277128,3.076351092,2.261031748,2.225014588,60.817287,76.38374089,30.62330322,62.88531707,122.7380094,131.8114227,143.3100098,84.18336838,-41.34130493
1.87466113,13.37677409,34.01294352,60832.77428,20.54415234,4.541767623,1.002557554,23.9186438,3.015299941,3.072994274,2.286609537,2.249206052,62.02113819,71.71330897,88.21090325,68.03186124,80.96275707,150.708945,125.2164272,102.1853288,-41.89422665
1.87466113,13.37677409,34.01294352,61923.93282,19.32719683,4.765801169,0.995742605,24.52860473,3.016476394,3.074586667,2.305485925,2.266296983,67.94934619,73.81119997,110.9491056,60.81410539,66.6930345,143.3946724,133.548117,115.2541357,-42.44714838
1.871986051,12.75294587,32.31922285,60344.63776,18.27033975,4.290348203,0.999312766,24.67171093,3.01287767,3.07058905,2.210053187,2.160648667,65.97609167,71.2753417,99.52674897,52.7809115,54.95720839,119.470934,140.1952502,145.7584001,-43.0000701
1.871986051,12.75294587,32.31922285,62647.98565,17.31420519,5.122498099,0.997276617,25.47638833,3.014623766,3.072667163,2.236994479,2.180784261,66.77294334,73.23789775,120.1479905,42.00729678,47.95327481,114.9798292,149.7727886,164.7493929,-43.55299183
1.846830565,10.87696346,30.92063123,64103.92254,15.68996565,4.409487663,0.999191683,22.7866992,3.017493432,3.075491323,2.252594385,2.222353706,62.63555655,75.63943029,129.7258073,56.10910038,51.63748621,110.2997025,153.2345728,154.8210298,-44.10591355
1.846128282,10.85134264,30.8565437,63196.00284,15.08226899,5.592770286,1.042305397,28.3678346,3.018734843,3.07640729,2.269353782,2.239252473,64.6222341,69.97317713,86.52171429,70.97373285,62.58767896,115.126088,135.200703,167.7372519,-44.65883528
1.845470256,10.82769026,30.79856431,62928.70523,15.37464161,6.217010415,1.079350982,22.22717833,3.018238013,3.076304292,2.252374797,2.206993836,68.52114021,70.37116273,101.5739851,70.73900042,62.02059917,117.8692753,126.5894235,159.7034146,-45.211757
1.844797342,10.8038804,30.74148173,60831.16366,13.65476826,4.695469182,1.001492499,23.51747813,3.010498858,3.06825327,2.286914933,2.21395093,67.06376759,64.8475821,101.5411846,66.14978595,73.23475353,129.2047733,127.4398169,120.870541,-45.76467873
1.844139535,10.78023588,30.68352159,63514.36431,16.81087007,7.133624025,1.013128129,24.6822676,3.014623725,3.072706172,2.308732907,2.231964862,62.12937788,66.32953952,137.9866568,59.88278632,88.40734801,124.5731869,129.0660274,111.8934489,-41.97932147
1.843436358,10.75458292,30.61935527,62080.75657,14.58490752,5.211817969,1.130000309,21.97263747,3.015181514,3.073164183,2.283337078,2.226411389,62.22215328,71.038023,111.8836654,72.72760326,73.0285145,130.3726162,125.0822064,119.383781,-35.06219893
1.842778332,10.73093054,30.56137587,64078.37685,14.68616327,6.448941803,1.057196119,24.69282507,3.014553852,3.072324544,2.334243029,2.258141888,63.14332217,62.69381195,121.0367859,84.01758559,98.8911657,131.8723548,116.0005863,101.8479376,-29.93439967
1.842106312,10.70715282,30.50437209,64321.16672,14.44071771,7.338890321,1.146526332,22.92042133,3.013126458,3.071009334,2.356961176,2.248380209,68.35023918,80.49210323,111.0442402,104.6035892,105.3185284,132.881882,106.0467011,94.36143079,-27.65310553
1.841448505,10.68350831,30.44641196,64533.73583,16.5824911,7.593517619,1.147926014,23.65823873,3.012093192,3.070059762,2.349618126,2.23862527,72.9137879,80.64250246,122.005322,90.24421701,97.53558099,149.5688529,107.300126,91.69965462,-20.208708
1.841044526,10.6602377,30.35964513,63344.9207,14.70619113,7.040280579,1.155351559,25.26876773,3.014285816,3.07219109,2.385754435,2.261579038,68.04840452,79.04617986,109.4364282,94.35397035,98.9500157,143.1948668,106.5450418,92.38377993,-16.18783947
1.840106383,10.63583444,30.32740027,63128.20406,16.66013697,6.71485645,1.149755843,23.44357987,3.016040983,3.073594851,2.322151444,2.254315107,67.50694,80.36547028,113.5136496,96.09063772,93.49860701,149.912963,101.4526397,88.37839232,-13.95552593
1.838211545,10.56355689,30.13604938,62735.4975,14.37168033,6.160183964,1.145105359,22.94974653,3.015694602,3.073726028,2.30367431,2.24048914,68.47223274,74.06244748,135.4269531,93.10772347,97.00270501,147.6624819,92.18392959,78.1144435,-10.7817761
1.836890224,10.51606273,30.01962629,63788.19044,16.90420562,6.20806484,1.150116641,23.78257707,3.017056136,3.074788088,2.283768084,2.247826322,70.51551013,71.05847998,144.4980241,89.65850246,98.33492121,136.1971861,92.6712802,94.23858208,-8.127712273
1.835557038,10.46852235,29.90438292,63285.14358,15.21928365,5.422380867,1.147316944,23.85530213,3.011603632,3.069425991,2.268798496,2.233656029,69.25107076,74.99407393,146.3408707,82.82746669,90.63389271,132.3096906,100.4059429,98.63248047,-4.390886607
1.834187521,10.41891558,29.78148815,65859.16175,14.40468745,7.565533121,1.147350601,23.91981707,3.014701402,3.072811238,2.218299573,2.188749362,67.63886074,70.69211989,134.0553967,103.1984024,100.4101314,126.1853584,104.9019574,105.1529151,-1.635722803
1.832855237,10.37140761,29.66632422,69570.5214,13.27710435,9.472254206,1.160442796,22.59784627,3.017575886,3.075242462,2.313071752,2.265748529,69.88982013,70.72943433,122.8225576,108.5034805,111.7848002,120.2977571,118.177329,126.5105145,1.354814567
1.832145479,10.34551552,29.60156156,71352.77723,12.44788605,11.07033024,1.202049536,23.24299627,3.02149341,3.079168118,2.354580004,2.326349976,73.7349242,83.33008877,126.2466192,114.2598528,121.3218449,124.6638162,119.2317928,120.6668765,-0.449399049
1.830824157,10.29802135,29.48513847,69845.22511,11.93986856,11.11595341,1.259521192,23.5468032,3.017835814,3.075711304,2.308547189,2.231855434,70.40606778,78.23363059,122.2693564,103.5569854,118.1166822,148.1000693,120.2043412,98.23763787,1.5380633
1.829442776,10.24836837,29.36342342,70984.98506,11.28340531,8.686018213,1.298971306,23.1925575,3.017965821,3.075655653,2.458542716,2.354133461,77.55865392,82.0547017,118.2333587,106.3857909,110.4866021,132.6929096,124.5200444,128.6335555,6.198508853
1.828782115,10.22462129,29.30521188,70293.55047,12.6473493,5.39374977,1.299149052,22.8383118,3.029589902,3.086417626,2.267643989,2.327803432,74.74408956,75.456014,121.558492,104.0798595,111.5938648,134.3782546,129.0405095,114.2687465,3.851840473
1.844157833,11.30494111,29.43043581,67489.36392,11.63475221,5.68839682,1.297302636,21.60548833,3.023326861,3.081136352,2.265719073,2.286662931,74.79068037,77.0457451,127.0744083,103.5722791,114.2266211,127.3431263,117.0635596,99.17854679,1.080374473
1.842951399,11.26139617,29.32180854,64719.46791,13.91731227,4.898933953,1.29748952,21.81193613,3.020377014,3.07820465,2.30626864,2.249701815,74.78929948,79.13850738,109.1499268,98.67179262,126.1829193,121.1981625,111.9273473,92.22484485,-3.45235886
1.841772674,11.21920789,29.2202768,63356.56526,12.23876464,4.345792573,1.299433602,21.81897447,3.01771253,3.075690681,2.323883701,2.2498288,74.79047546,73.64943904,109.7640533,106.8965636,91.54576209,102.4537603,89.2004028,144.4893688,2.484447347
1.840565538,11.1756377,29.11158763,61295.2144,12.45407383,4.646190302,1.299751716,22.94153573,3.014815862,3.072610392,2.28761431,2.197653506,74.79335318,72.20772477,109.518713,113.6917002,90.68874328,97.25747773,84.33739977,128.7934692,0.258266649
1.839387515,11.13347468,29.01011779,60612.10032,12.0138212,5.880819462,1.29932652,24.60367633,3.016211527,3.073935044,2.352296732,2.240014921,74.79973449,75.21846207,103.1413027,99.15135817,86.5944859,112.4336325,97.88658599,116.9010393,-0.422898173
1.838565903,11.0975662,28.85545373,60566.08597,12.90131798,6.155929047,1.30723085,22.3773226,3.020574686,3.078407706,2.34054414,2.238643111,73.7118872,80.71945984,102.6606409,76.99320922,84.47069171,129.3140986,114.9576676,107.1195971,1.189708684
1.837841684,11.07373555,28.82004151,60398.66824,12.74144443,6.959850476,1.30427611,21.92102507,3.017682921,3.075450051,2.332677938,2.205778481,72.65631209,84.28706636,125.647486,79.21297549,86.21312836,124.0251912,107.5593716,96.01544101,-2.859049873
1.836625148,11.02982503,28.71049229,61063.37805,12.50066248,6.69268623,1.299273968,21.11869333,3.015128569,3.07336446,2.393702917,2.21343566,71.29303296,84.70460705,143.3712626,73.0996869,74.53302362,133.3636116,112.848663,91.44209347,-0.721883706
1.835210604,10.98315758,28.63975847,61861.94079,11.26104115,6.609664615,1.29767995,23.90222247,3.012615853,3.07031675,2.434334071,2.218202154,70.05786824,81.99314349,154.0832501,73.32641178,77.4748302,118.2358063,107.5177758,107.9247826,-1.686231269
1.833991163,10.93932548,28.53231222,62029.38271,11.72396823,6.33616403,1.292772004,24.27992833,3.020989247,3.078075505,2.309743815,2.232858228,72.61213273,77.10710977,152.636229,91.48672982,81.39023216,86.82872811,94.56330765,133.0513407,-3.968933533
1.832824742,10.89739912,28.42953756,60537.37681,12.04137818,5.960184199,1.297482677,21.99727013,3.017772285,3.075204478,2.316891494,2.237752976,69.03777677,78.02104974,153.4521685,85.56801293,84.08208511,80.42897066,93.37509911,128.6286679,0.426677553
1.832824742,10.89739912,28.42953756,59685.04109,13.53596123,5.920775183,1.306979394,23.30516547,3.01612437,3.073513482,2.37056679,2.266362473,71.61405667,86.91692979,137.2489389,97.56708248,97.76171236,68.02180662,96.90620363,116.2587495,2.12584638
1.814607941,9.715138472,28.05630964,59648.16628,13.09737699,6.459894753,1.310029665,21.67938713,3.013229633,3.070473084,2.353183508,2.23208606,71.60938138,80.46039623,109.4073854,105.71186,101.3412337,62.91524764,103.7989076,124.7594165,-0.684084791
1.814619493,9.716502003,28.05877837,57951.48097,12.75411601,4.495086708,1.290254045,22.66588047,3.0104121,3.067674674,2.432663191,2.232645747,71.60588717,82.75487501,117.2101836,103.9371974,96.29518534,66.66746242,96.23556401,112.3594214,-0.090046677
1.814619493,9.716502003,28.05877837,57625.04446,13.62470838,5.389832443,1.303854321,23.1139666,3.011022731,3.068764098,2.457085326,2.22795126,73.07526436,82.85105885,111.370132,96.22753535,98.16726783,85.60032444,96.54829123,100.5856878,1.685364555
1.814619493,9.716502003,28.05877837,56472.15638,12.87465099,5.835754295,1.298671278,24.41717013,3.013042007,3.07077995,2.295701904,2.21722126,69.8838006,72.92151083,114.4313115,81.27523843,79.61316335,97.61184441,95.60974517,109.2334628,-10.09126482
1.814619493,9.716502003,28.05877837,55450.43766,13.36443113,6.541635109,1.297625108,20.30697733,3.012364874,3.070043695,2.342816134,2.223647162,66.71557455,69.82289816,77.42728727,67.37271305,69.3891494,117.8001074,109.1065816,119.2549004,-21.86789419
1.814619493,9.716502003,28.05877837,54575.74254,11.65582259,5.873691402,1.298578638,26.8394144,3.010519021,3.068327106,2.503661391,2.202228301,73.52149079,71.4745464,68.68578447,59.89314605,64.31884141,109.4139366,118.2673757,129.4973994,-33.64452356
1.814619493,9.716502003,28.05877837,56081.52043,13.52514919,6.304140242,1.310019401,23.4060442,3.008091385,3.065808468,2.416167822,2.226659018,74.8039404,80.09576182,66.60965432,48.29730095,51.82925066,125.9217758,129.3776298,142.4142458,-45.42115293
1.814619493,9.716502003,28.05877837,57589.7804,13.58090043,6.771449452,1.302861475,21.70636627,3.008844948,3.066376778,2.183790435,2.180472421,74.79987212,79.46369939,76.29956605,51.65660181,52.43736253,124.0715193,138.0311459,138.760597,-42.340072
1.814619493,9.716502003,28.05877837,56842.26242,11.77107619,5.078193472,1.319596223,22.07703407,3.010734264,3.068120972,2.189017228,2.197421111,73.32589221,80.80619562,86.64080091,49.95749543,55.69882229,120.3634017,131.4957926,131.7756674,-37.39640767
1.832799882,10.89632773,28.43099912,59412.01739,13.8934333,6.13038521,1.300145748,21.856511,3.006261136,3.063714956,2.221907214,2.222516195,75.54043434,77.91108615,91.39511489,57.47171441,60.90352663,100.6595596,145.0466085,146.5347043,-31.18561287
1.832799882,10.89632773,28.43099912,60227.00071,11.54902101,6.270152243,1.298172055,23.07643093,3.005890828,3.063570135,2.220441194,2.204409859,77.28943231,72.02760657,130.2113024,60.4103195,48.26125753,99.73654987,136.0109301,143.3269685,-33.91132507
1.812905127,9.788444313,28.68981143,62111.81188,9.314181952,5.540931853,1.297894877,31.92436893,3.0089029,3.066708345,2.249790834,2.212453215,76.40679173,76.48127334,145.5122536,60.66214652,58.9188423,99.75683304,133.0388584,141.3537862,-26.8514958
1.812905127,9.788444313,28.68981143,62025.88972,10.96080127,5.889765096,1.300395551,24.2963516,3.006428014,3.06420038,2.275005889,2.22909469,77.58251953,78.79123318,147.56622,63.43563149,56.78557772,97.04488544,135.9180851,138.0443039,-21.20459853
1.826977018,12.41167943,26.74789039,63537.02394,11.70472681,5.745270889,1.310151768,22.36441853,3.01047986,3.067762076,2.246572546,2.224478528,73.7581609,78.57773675,155.7407562,78.66269551,87.04498134,81.53867332,128.6334567,123.6940137,-18.52235567
1.826977018,12.41167943,26.74789039,65999.97583,10.33240262,6.670431332,1.31000536,25.664068,3.009653541,3.066843649,2.213934807,2.196547102,73.1611188,77.07205721,155.094997,96.04689798,96.90837256,77.16920546,125.1494854,129.0120717,-16.63541613
1.827153025,12.42526097,26.70422894,64615.5487,11.08138482,5.86742315,1.303331393,28.695101,3.009183138,3.0665112,2.200424578,2.170977435,72.76292817,79.06931007,146.2949362,103.0998219,109.581407,88.02957937,109.4862849,107.5095658,-11.6348396
1.827153025,12.42526097,26.70422894,64643.84283,10.45994397,6.452311772,1.301814362,30.57659307,3.006726012,3.064008983,2.161804563,2.115768753,74.34022995,76.70189874,143.3586509,105.0134961,111.6224915,99.98342741,104.5364799,99.17696578,-8.809325387
1.826977018,12.41167943,26.74789039,67766.43555,10.92172365,6.963586413,1.298655581,29.68628553,3.005761424,3.063214737,2.253819775,2.203317731,75.10872177,79.80648216,151.2387575,115.5042896,103.8467043,96.85794659,107.5698502,121.0814681,-9.190012033
1.826977018,12.41167943,26.74789039,67314.73455,10.97375874,6.411562433,1.297803416,23.73683073,3.010040563,3.067639289,2.241779739,2.208780568,71.08216491,77.97629779,144.6076997,104.4020878,99.54188322,93.07376761,121.8686223,126.6694471,-6.9090895
1.826977018,12.41167943,26.74789039,67034.6531,11.6533277,6.794503592,1.297369412,24.79487547,3.008601831,3.066355715,2.212967621,2.187052657,71.07769321,78.26023571,145.5280072,99.32837203,92.75447947,80.66401634,130.4706944,138.9132799,-6.412612867
1.826977018,12.41167943,26.74789039,67194.47336,13.05792938,6.089309481,1.30314974,27.05641973,3.00858428,3.066067339,2.229042492,2.20463424,71.07428617,80.52073142,145.0079807,95.23102212,98.82098157,97.58254476,130.7698063,121.7556624,-5.1318917
1.826977018,12.41167943,26.74789039,69582.38251,10.3548858,5.653655561,1.307888454,25.3156876,3.003785282,3.061537617,2.205845079,2.177460193,70.62771526,77.95589542,140.7391741,104.9048691,100.8650797,90.79681624,139.7151182,134.9166815,0.892473533
1.846875921,13.52033599,26.48850575,71359.90397,12.14844087,5.54840145,1.303353573,23.4459262,3.004491474,3.062741877,2.271083995,2.243760603,79.08132558,77.41343807,152.644732,117.319111,115.9737795,87.33543102,125.4041649,132.8898419,-1.686071742
1.860916593,16.13775125,24.55089302,70931.621,13.90033443,6.017933964,1.303738274,22.84652267,3.002082266,3.05989643,2.270949102,2.240944086,79.85336534,77.96138243,149.9576722,111.7809751,107.0786736,102.6970175,120.1094935,135.1645887,1.0577602
1.860940448,16.14084906,24.55204009,69676.79872,13.41249569,6.221608786,1.300394902,22.54271527,3.007853393,3.065878462,2.286779708,2.26768437,75.76724091,75.99548032,142.5619457,86.2336549,91.89178684,110.7058006,137.214178,144.4724045,6.578305
1.860940448,16.14084906,24.55204009,67561.28884,13.8136603,6.318219739,1.309954996,24.11922753,3.011247561,3.068745223,2.255340542,2.236991177,77.58541672,78.44081862,147.2826127,99.52478555,105.2711953,118.5776616,124.571651,97.92686943,13.58182557
1.860940448,16.14084906,24.55204009,67971.21118,14.72370913,5.716928922,1.316746004,23.24299687,3.013858414,3.071873119,2.226491543,2.212688008,69.39668294,79.93321227,131.1246942,115.1107033,116.9529112,103.3854193,115.1411978,112.3332052,12.21455833
1.860940448,16.14084906,24.55204009,69138.3961,14.00046756,6.365564714,1.289953077,22.86411747,3.013341074,3.071026604,2.178203343,2.170656445,69.40137912,76.53922215,124.5168109,133.1578993,129.4150953,91.19710622,119.8627671,105.9949719,14.2804496
1.860940448,16.14084906,24.55204009,68011.28106,14.27196966,5.551264452,1.306010134,24.17083933,3.014466052,3.072206954,2.156918556,2.147587932,69.40762688,76.92715284,107.4798423,120.0347269,139.589082,130.883086,109.7300971,81.95804421,7.2818093
1.860940448,16.14084906,24.55204009,67953.55095,15.01466757,5.543258248,1.300498931,22.9227674,3.009708632,3.067542667,2.179761857,2.161887506,70.39965929,79.92649182,84.46570165,112.9376475,120.8361778,146.6378634,108.9178611,110.63643,9.241097667
1.860940448,16.14084906,24.55204009,67066.5747,15.23095552,6.342472686,1.302878523,22.92276793,3.011637125,3.069219857,2.162425617,2.135436164,70.1619467,79.49506851,91.32086393,96.78978049,114.7992323,151.9809665,109.3508965,112.8740944,9.03099
1.860940448,16.14084906,24.55204009,67393.83017,14.8576009,5.414411915,1.30319653,23.40135133,3.014232923,3.072128997,2.209007358,2.210689604,70.92997274,76.2738301,92.03786,80.72697995,97.75729402,165.2619621,123.0296022,121.7149429,11.82955373
1.860940448,16.14084906,24.55204009,66514.80373,15.30295215,5.672420162,1.296783691,24.22597047,3.013632563,3.071329191,2.219167823,2.222358164,71.58162835,76.42630439,92.80411481,82.87409992,93.31886443,159.5114355,121.577786,121.9409747,8.404712
1.860940448,16.14084906,24.55204009,67790.77061,14.24689513,6.313283681,1.297348524,23.46821287,3.014343993,3.071783219,2.185679382,2.191620159,71.59978194,76.05110961,97.47106701,108.0145896,129.4098902,114.3071314,114.6343385,121.7013858,3.83338118
1.860940448,16.14084906,24.55204009,71089.13962,12.36297576,5.696601956,1.294687502,22.3655926,3.01092389,3.068542957,2.218917589,2.203551652,69.6242513,76.16800192,130.6391022,102.718544,120.251953,135.4397101,128.5107296,106.926376,3.348398867
1.860940448,16.14084906,24.55204009,72405.33224,14.05171352,5.858009351,1.302331848,22.94388,3.013974345,3.071644346,2.193534027,2.167204488,71.3889,76.93994968,154.163554,88.78627391,105.0409611,136.3536246,130.7795512,127.0365879,2.096223407
1.860940448,16.14084906,24.55204009,74162.5634,12.33832441,5.71360931,1.297000836,24.59781133,3.015113416,3.072862094,2.249470662,2.22430195,70.1543989,75.36755603,145.5224327,91.54678039,97.28624864,146.5492064,144.3918759,132.4410263,-1.454724633
1.881626851,16.83491639,25.82061156,73998.65417,13.53807405,7.248393806,1.303124719,22.2213132,3.0151646,3.072912822,2.24941643,2.223464359,72.75484655,75.18899638,110.7789144,114.0009353,115.3267562,170.3097273,116.1481566,122.5434622,-4.893896
1.881626851,16.83491639,25.82061156,76886.28646,13.51427088,6.859164916,1.299334873,23.57612813,3.016664621,3.074289472,2.326486576,2.301392985,76.76503638,76.62841225,138.0851236,121.484021,105.3174543,163.7407832,122.934019,131.3754509,-15.9985789
1.881626851,16.83491639,25.82061156,77425.46191,13.92035936,6.34396283,1.300573449,18.505249,3.008843292,3.066975699,2.299574418,2.270510366,77.34469791,79.35360264,162.0778036,92.92755728,82.22030729,168.7951105,141.5480819,145.4892991,-12.19173147
1.881622461,16.83224851,25.82580167,78115.8278,10.56491129,6.241290803,1.298725327,23.19255733,3.013117786,3.07064669,2.245909934,2.215133757,71.09490892,75.12815723,167.8571358,76.21536657,83.92759151,175.1356034,152.63702,145.3753802,-8.328062
1.899646356,18.17645161,26.82944803,77925.66192,12.14919308,5.795146916,1.300361883,24.45118687,3.01535516,3.073043097,2.277866719,2.253151959,71.39347781,70.99167899,172.9702798,85.55715866,89.70645528,162.9604703,147.3025569,141.6046634,-11.7582745
1.899646356,18.17645161,26.82944803,78538.48942,11.4592727,7.025641695,1.302273825,24.26937173,3.014543879,3.072059247,2.259540572,2.234950883,71.73473359,72.01281032,176.8003515,82.10293538,91.08727491,167.8338109,148.6455519,140.5353469,-11.8608595
1.899646356,18.17645161,26.82944803,79991.09339,11.62662538,6.782285277,1.298969359,23.45882873,3.015970669,3.073436156,2.243719139,2.228349032,72.93479551,74.13707382,185.1568965,79.49944442,82.93753249,184.3284325,147.7294281,143.3565034,-42.37379667
1.899646356,18.17645161,26.82944803,77202.69521,9.766383614,6.501729999,1.297706208,23.4775968,3.014697966,3.072400581,2.263825931,2.254676374,72.77783485,72.84570528,159.3746583,90.24699051,84.07062654,151.9188632,146.4214564,158.3208161,-40.32600347
1.899646356,18.17645161,26.82944803,78344.21993,12.01464076,6.455919466,1.301711027,17.7732974,3.017900404,3.075285978,2.269547955,2.265385094,72.65633152,75.77645153,161.4688506,72.79591336,74.22545391,168.0932377,160.851329,164.5791493,-35.09051727
1.890160096,16.50022939,29.61271685,75988.30693,10.39968751,7.388265787,1.297425387,32.4393172,3.021797681,3.078885964,2.267766468,2.276484345,77.29374418,73.11397481,144.4962105,81.57895303,85.77219608,156.4631879,158.1677577,149.0318563,-31.11465067
1.890160096,16.50022939,29.61271685,76936.22982,11.52635006,8.283830845,1.301589865,26.4124426,3.018375646,3.076137435,2.278318933,2.25709748,72.4880251,74.03338465,149.1416958,82.82769924,85.77031716,168.3346067,153.8372798,145.5372592,-26.31717707
1.890160096,16.50022939,29.61271685,77758.46435,9.961040071,6.487394599,1.299214982,35.26742007,3.014487747,3.071985244,2.242572857,2.221729784,70.87745186,73.66947954,163.6890268,82.07814403,85.70792588,173.4236711,152.4293952,139.3444241,-23.89862853
1.890160096,16.50022939,29.61271685,76721.25264,9.593291225,6.42865579,1.30103765,30.1613514,3.014192664,3.071738483,2.255662834,2.227787391,70.77129552,72.68209902,133.8332108,95.021179,90.00600201,180.8456757,148.6116818,132.0598817,-18.13527073
1.890160096,16.50022939,29.61271685,77046.87986,9.299400219,6.827383472,1.295289063,28.9109334,3.015627851,3.073240039,2.276859525,2.245458899,71.89531128,68.20592958,128.6531268,82.05957143,143.188762,155.3151568,146.2119576,127.3340412,-15.37390023
1.890141013,16.49944073,29.61232792,76617.23708,11.64982795,6.443612586,1.299790141,27.1314918,3.014569489,3.072356415,2.239833661,2.20752793,73.32168945,77.32299855,132.013969,108.730445,107.3756338,167.2720175,131.4292405,132.335156,-14.25415947
1.890141013,16.49944073,29.61232792,79217.22043,13.01441681,7.463157329,1.291027226,29.7977212,3.016044066,3.073760759,2.272446113,2.249731835,77.69145855,78.0916807,132.1909967,97.37807907,99.97563541,175.6694239,151.740045,147.7254442,-13.43412677
1.890141013,16.49944073,29.61232792,77368.48853,10.37514457,7.477204561,1.310382664,36.21637713,3.013706565,3.071660208,2.273573243,2.246276886,75.75861993,78.87124417,127.1488515,102.4852239,113.7832515,156.3262803,152.4673087,133.22633,-14.58721127
1.890857625,16.54848711,29.58189834,76384.77721,11.72137933,6.925356096,1.300147891,34.45218513,3.013242368,3.070505039,2.241725259,2.222872247,71.96548189,75.47450214,101.6498364,97.71878214,131.8373386,171.7467158,151.5699032,116.2228156,-12.5649373
1.890857625,16.54848711,29.58189834,77147.75341,10.2362711,8.192091066,1.293888513,36.163592,3.012532056,3.069788348,2.248970742,2.227204319,74.90359403,73.13417663,84.59523967,91.98506287,138.8297691,186.730724,152.347434,120.3754846,-11.56765033
1.890857625,16.54848711,29.58189834,78324.63628,10.69037705,8.406381002,1.307376973,28.847591,3.013823836,3.07070398,2.250791672,2.221156732,74.22481484,74.86605191,125.4009828,100.5745786,113.8534995,179.5524936,150.3258054,125.0557584,-10.24137623
1.87875478,14.37685707,31.18362811,79747.87129,12.33398388,6.689191764,1.303085523,23.6992938,3.029641623,3.087268744,2.251312241,2.306763143,77.77153792,77.51302638,139.1071101,99.19589863,97.50525437,172.1358679,150.4204441,152.9569795,-9.3024074
1.87875478,14.37685707,31.18362811,76951.05305,11.5559521,7.198230677,1.305055995,24.04180933,3.023775767,3.081874298,2.305061521,2.301739054,77.71386377,80.02385572,117.1704937,108.3456901,102.9192528,157.4106948,150.4975452,143.1166096,-5.211078613
1.897731836,15.43672562,33.90114245,73945.02979,10.34510699,8.494577754,1.302994726,23.82715027,3.01032928,3.068708791,2.255999439,2.233905525,75.11444244,74.03119928,132.173004,79.15498073,120.0473127,168.3073799,143.3323832,109.7213977,-3.320684147
1.897731836,15.43672562,33.90114245,73750.5665,10.93325385,7.970534267,1.301886915,22.92745993,3.013100529,3.071443394,2.312697379,2.285220285,75.11056805,74.78471587,126.7312884,81.26443509,105.4989041,180.1239521,136.8535665,119.4219705,2.955518387
1.896782983,15.72138145,32.18751434,73720.76244,10.93949438,7.928623558,1.302663288,24.26116053,3.018706129,3.077085326,2.277364004,2.253796402,73.83826946,76.5363779,131.1452558,75.99228253,105.7044101,173.1827022,131.7171945,132.7490852,7.43132394
1.896782983,15.72138145,32.18751434,76864.48362,10.83939439,8.126753485,1.302865493,23.60076187,3.019358879,3.077673333,2.261980807,2.231362072,80.70221173,77.14725651,128.6233623,100.9806423,100.9204164,168.2473886,147.7471024,134.4659462,7.6529155
1.896765479,15.72040641,32.18774086,80641.00763,10.71563649,8.571127854,1.309282694,23.36498807,3.020035416,3.07821347,2.271759055,2.240108585,76.79660242,75.22753568,147.2043664,116.8757647,117.1573672,169.7547007,138.7321505,131.951492,5.770286
1.896765479,15.72040641,32.18774086,83988.48288,9.840213076,8.889028319,1.302812085,29.4739736,3.015831887,3.07383527,2.282135848,2.248708419,76.75896771,75.19414315,197.3514664,126.5215755,110.8934036,156.1329828,124.5057659,149.5484285,8.234056133
1.896765479,15.72040641,32.18774086,78312.1039,15.64556863,9.38471555,1.135388485,21.5726444,3.016518987,3.074827025,2.308379279,2.287102762,78.81529586,74.90984286,186.9654683,103.6720503,98.53225514,135.9529439,138.4993826,143.1816385,11.7194
1.896765479,15.72040641,32.18774086,74491.41389,15.69288391,10.08759559,1.092865914,23.718062,3.022039636,3.079960256,2.318583437,2.293586589,78.58596457,76.26550153,185.899562,109.4287164,98.57941154,121.3048287,122.9141685,130.6947882,9.50070848
1.896765479,15.72040641,32.18774086,72609.80833,15.42765045,9.580288892,1.098614064,23.62422167,3.020347413,3.078745564,2.271927301,2.240071542,78.54261289,75.7603492,170.4347468,120.9192041,114.1068945,102.1849973,116.222667,123.5641859,7.853513173
1.879607554,14.76460903,32.4097846,71890.86286,15.22884349,10.32667389,1.102276983,22.1626638,3.021225167,3.079475803,2.311158367,2.246836085,77.7210364,77.79821113,156.5971422,113.9866228,114.2447799,118.7299785,118.2201423,115.789351,5.345143
1.879607554,14.76460903,32.4097846,71572.93767,14.00016953,9.801107043,1.138564653,23.65589187,3.017344689,3.075458525,2.320311751,2.253330535,76.55083688,79.37225538,154.4378187,94.92932924,97.3454187,139.4692626,120.3129167,127.5320498,1.949587209
1.879607554,14.76460903,32.4097846,68613.13007,16.87754683,8.095051152,1.149996224,22.60723047,3.010420799,3.067868754,2.249588436,2.220050526,73.65437062,79.99681792,148.3715875,95.31240697,103.1679712,150.1770823,108.4329644,98.21616799,-5.49160728
1.879607554,14.76460903,32.4097846,67574.80078,17.42111647,7.812546684,1.13766057,20.8184048,3.008195415,3.065094275,2.255225443,2.223770188,72.51152058,78.36473776,123.6897062,77.44172667,96.5504503,183.6363329,108.0276574,99.29675946,-11.7025854
1.879607554,14.76460903,32.4097846,67642.89241,17.46170308,8.787012417,1.150743126,21.489361,3.007888686,3.06499554,2.306228997,2.274254953,73.77240498,82.25348759,73.87359769,76.61865347,88.97503912,191.9726964,131.2251233,116.7291689,-15.97564353
1.879607554,14.76460903,32.4097846,66146.88154,16.67052625,8.192589684,1.150881401,22.51690947,3.006701365,3.063955468,2.218834067,2.191081732,74.18946179,75.0557565,71.51244977,60.16236748,94.18916742,182.5335627,143.8761046,111.8881191,-16.9782244
1.880321629,14.78882266,32.46811154,66503.15312,16.65722959,7.590428282,1.146029839,22.4735084,3.004264422,3.061336489,2.259218057,2.236161729,71.62688275,75.59207086,78.97946621,41.42223208,90.13907162,181.6283669,151.4605166,125.5559574,-20.4777218
1.882207141,14.46160519,34.6420537,65853.64546,16.0589331,9.587682806,1.146559184,22.79256473,3.004984241,3.061934206,2.253429187,2.222029348,71.62143831,75.94458632,51.59562227,42.1180687,54.58636989,211.6137279,163.9301461,133.4351208,-19.23273247
1.862323232,13.75333333,32.84373737,64516.19044,16.64129508,6.995960794,1.152416849,22.46881673,3.010633266,3.067721604,2.282662016,2.250898259,73.81420832,79.1137819,60.44578467,41.8803502,60.62130728,183.4093133,163.7432333,135.7287972,-21.2277538
1.862323232,13.75333333,32.84373737,64987.68572,18.59737875,8.53187892,1.095649621,22.9028268,3.011642311,3.069101392,2.278141035,2.253247345,73.81249512,75.38440173,67.43233925,56.05911664,71.07270718,171.4853216,167.1516147,118.8209608,-14.59960847
1.862632822,13.75532468,32.90595336,66957.91115,16.1608111,10.15129744,1.104219714,23.8330156,3.025015082,3.082691208,2.339708468,2.315040668,73.94476666,75.75322957,72.67669344,64.56852897,72.73926066,169.4474693,158.7177403,134.1968396,-15.87662383
1.863347107,13.77954545,32.96429752,66769.04321,17.09557246,10.76211395,1.101445287,24.07113453,3.016726795,3.074984452,2.340387954,2.320557522,73.63506,77.06256714,70.6065869,67.38010016,66.44663524,175.542052,156.7385032,133.5559432,-16.60416873
1.864061393,13.80376623,33.02264168,66448.74511,17.40306093,10.3434038,1.1074627,24.12040047,3.025443106,3.083284966,2.288320695,2.273499687,74.12557,76.72989743,108.9898756,68.05181432,54.52573929,163.2692013,145.5124347,134.411352,-16.8985182
1.864821481,13.82915609,33.08639422,67652.6847,15.11577165,8.108490132,1.302473556,22.39609027,3.024446695,3.08310631,2.280008863,2.254061887,73.19884703,80.14898461,175.2256168,49.51214454,53.57259846,133.5288144,145.0189654,142.7866926,-17.11227747
1.864821481,13.82915609,33.08639422,68522.49511,14.46710778,9.777810472,1.298341182,23.8248048,3.026733879,3.084779889,2.253009801,2.225107165,76.34194272,77.27753354,189.2721664,56.28621797,49.6365293,105.8842866,147.6528377,162.3773234,-17.54367507
1.8655549,13.85440968,33.144634,70268.72756,14.56095574,10.55316808,1.301818077,22.7538556,3.023217305,3.081353281,2.270556133,2.235582284,73.27208429,75.35647061,192.305645,69.03819577,57.18741063,104.3814725,146.7004088,159.4937681,-14.440975
1.866269185,13.87863046,33.20297816,70345.56698,12.62891533,7.826534043,1.30393327,22.15679847,3.027014904,3.085060581,2.243408321,2.197285628,74.21200225,77.19092518,198.696582,71.65052994,65.21389857,100.4692431,143.3012415,151.4805186,-39.0059144
1.866983471,13.90285124,33.26132231,72419.44174,14.68755304,8.974032717,1.298416124,21.85064553,3.02186406,3.079983184,2.285604088,2.263394483,75.98468777,80.05152764,191.2638302,94.19350874,83.84202435,101.6569583,137.9332279,140.8504031,-43.95988613
1.867742697,13.92821186,33.32500443,70449.45285,12.30584449,7.082712515,1.29716089,24.07465347,3.020391879,3.078827389,2.26051985,2.239688018,78.01815737,77.40366527,174.7964948,94.40669756,100.8963936,107.0804643,124.1468151,125.7538699,-44.58227607
1.868476978,13.95349469,33.38331464,72686.24144,13.75939894,8.76249551,1.298913634,23.6007614,3.022567069,3.081037815,2.263415488,2.225461552,75.32079187,76.27033272,197.9755131,90.89762325,79.81219085,124.0803059,129.2555058,131.6243895,-45.204666
1.868476978,13.95349469,33.38331464,74120.74232,13.62300815,8.146859185,1.294664034,26.88985387,3.030102615,3.087418295,2.288465798,2.261527843,73.23171402,72.50172901,176.012264,84.19842205,78.28137261,108.9838676,140.9209361,175.0724189,-45.6369732
1.869191263,13.97771547,33.4416588,74610.02956,14.29325609,10.04079173,1.304868696,25.2722871,3.031744626,3.088814696,2.302791934,2.277464365,77.75414013,66.7516782,183.9121183,87.57926557,72.19634144,120.3889377,159.1832689,146.544058,-46.0692804
1.849870092,12.41838795,32.44407145,75197.68838,13.37465107,7.469264863,1.145684407,23.65472033,3.032556958,3.091258871,2.262582527,2.259739504,75.28847917,77.1117566,105.1266637,68.69277519,71.38805761,174.7644105,169.6181335,170.1618342,-45.98952969
1.850584588,12.44261588,32.50243283,78321.30115,12.96361496,8.35195717,1.297979611,26.22124333,3.030093806,3.088825868,2.318111434,2.309559462,70.34753569,67.27313644,143.1736876,75.10757769,86.33889782,179.3360869,164.7699412,149.3636893,-45.90977897
1.851348878,12.46841499,32.56635773,73934.74387,13.90399849,6.698081888,1.29829824,25.3203802,3.027483768,3.085893219,2.292269971,2.292865618,70.34217617,72.7198079,132.1182205,60.13263216,76.45211265,179.0874619,156.7563982,148.2013453,-45.47981413
1.852078536,12.49327428,32.62446118,71075.24271,10.94066081,6.750064121,1.297888213,27.42239587,3.023573231,3.082025217,2.260067371,2.254092929,70.34461944,64.57355724,116.3251057,60.0984298,86.46995718,175.9371539,155.2294205,127.4723984,-43.28093733
1.853138187,12.53180386,32.67787221,71678.03477,9.44101312,4.82122186,1.249984823,28.36431607,3.021034044,3.079680286,2.238875287,2.217443306,69.5365397,68.60735661,95.42295459,72.55875859,87.70703131,179.0891242,154.4076829,134.0937189,-42.95453087
1.852793032,12.51750221,32.68282256,76849.09148,14.92028363,7.87247552,1.151077209,30.12029587,3.026650633,3.085556177,2.296632632,2.267419785,74.69092821,76.01501528,77.33439121,75.64055555,109.7057935,179.9946237,170.0574148,157.6751585,-39.4413538
1.853507529,12.54173014,32.74118394,75752.98839,14.8743927,6.137710563,1.1522166,22.90048053,3.029068482,3.087476044,2.261106821,2.246918179,73.92584164,73.65465823,85.31038898,83.50163531,98.43433027,193.7541355,157.9538895,142.2855697,-36.22549173
1.854270956,12.5675,32.80503837,79609.79417,14.26785571,7.996792719,1.155274541,26.57079753,3.024325823,3.08309705,2.308230944,2.283020084,75.47786459,68.33310737,115.2751502,85.20825267,103.0216245,214.0054314,150.3966922,137.1751086,-33.3112148
1.855001476,12.59238854,32.86321228,75313.97662,14.5501704,6.32269038,1.152531659,23.12335047,3.019576147,3.078080402,2.277312483,2.25856822,72.94739306,74.16525337,139.5175515,84.69843253,89.4903508,187.6299222,135.2937898,131.155086,-32.67052467
1.855715973,12.61661647,32.92157366,73333.92114,12.72832978,7.051314407,1.14587293,24.41951533,3.016625387,3.075131454,2.275121787,2.248851884,75.76824672,70.10056209,140.97117,85.56398512,87.75257561,170.4803208,135.1167338,128.8211961,-30.273653
1.856430469,12.64084441,32.97993505,73439.41882,16.16135948,8.453489427,1.149523701,23.84826453,3.021659638,3.080377989,2.286764037,2.258596293,59.3773084,65.5713587,125.7657732,92.10474881,93.9398757,177.6576643,140.2836034,116.8638005,-30.189289
1.856430469,12.64084441,32.97993505,71173.29117,17.04433371,6.786561544,1.151183402,21.52337827,3.011749485,3.07017033,2.2339189,2.205988792,64.11328,74.8985124,105.9471563,94.05719971,94.96234984,194.0212534,131.8821269,99.42517998,-33.85066313
1.85935341,12.73995867,33.21868615,73475.10443,16.14567009,7.868086377,1.153074629,22.73274127,3.008173879,3.06694729,2.293981421,2.265893899,64.43068,73.95489772,109.5362103,98.04048109,108.8110555,197.776617,107.5537679,122.0494734,-36.04064
1.860522586,12.78198406,33.32170357,70952.24896,19.43201248,9.464715328,1.157003209,22.84183047,3.00817223,3.066585664,2.28454956,2.25039266,64.6018778,75.03885204,73.22370004,68.98171646,112.6811254,203.0327059,145.6449274,107.974427,-42.21792033
1.862371011,12.85122875,33.42929615,72096.43435,15.97126339,7.723634011,1.149688581,23.96204533,3.002895272,3.061062361,2.242778811,2.207136011,63.4029665,67.92610271,75.46220204,67.3591003,108.476437,198.8648163,145.5870381,127.8725315,-43.16615
1.841718377,11.24076074,32.34091587,70723.20298,14.98225211,7.167890642,1.146686366,23.15150213,3.000951169,3.059848134,2.267838599,2.226842213,62.77379918,70.43390335,58.16204723,61.8003658,88.88048496,203.1618455,174.5333498,119.971974,-45.2074748
1.843687351,11.30993138,32.50934069,71817.66955,17.21787073,7.55662046,1.151778327,23.48698073,3.00214179,3.061286277,2.313362667,2.289240059,63.24997119,71.15801482,62.90407894,64.39857269,82.18600956,233.1419954,148.9289807,126.4769699,-45.47380419
1.844922434,11.35432578,32.61816527,72654.30502,15.18440815,6.067331364,1.153996151,27.81887013,3.002603638,3.060512898,2.258129472,2.260905965,64.51795835,71.01225479,71.25403468,69.81170961,95.62733241,196.8501777,154.5494358,139.9475719,-45.74013358
1.848651551,11.48689737,32.94210024,76914.32267,17.20665273,7.547299707,1.161606153,23.8787628,3.018313226,3.076617805,2.335382286,2.323887488,72.95744374,73.05635671,82.75121042,74.34748869,86.70843971,203.5558713,167.8947822,156.903671,-44.99055549
1.851199284,11.57700477,33.16194212,77177.80741,14.86122791,5.611681582,1.156470734,26.42417313,3.016552278,3.074483989,2.279284246,2.276111171,72.35932374,74.8464198,111.9363247,84.18534043,84.3965927,170.6095619,169.6531015,159.743773,-44.2409774
1.849660266,11.5319675,33.08723486,76916.25482,16.10896397,5.541081632,1.201580958,24.0054466,3.020215004,3.078196492,2.270689824,2.257941544,73.94883544,76.93016652,193.8208943,58.4511151,69.72023922,184.5332192,149.1357864,138.7524504,-40.73689887
1.850883309,11.5759291,33.19499852,76293.14029,17.94627435,5.444436221,1.191100639,23.946796,3.014787687,3.07300215,2.247624073,2.241441099,75.06818115,78.89484762,189.8002943,90.37742198,49.63903155,186.5378454,149.8583,121.3288876,-31.83594493
1.85702864,11.78199582,33.66122613,76522.64939,17.00937003,5.728495547,1.1965668,24.5039716,3.008143821,3.066255267,2.247320393,2.237599331,75.11819259,78.84076603,197.8059173,92.04046052,80.01002564,170.6171993,139.2510529,111.5527339,-30.30431427
1.859576372,11.87210322,33.88106802,77446.77745,15.38552437,6.987499758,1.186082214,27.03178673,3.021092667,3.079586252,2.296066209,2.274337028,71.77164188,75.26418134,203.3714232,104.5506587,70.16606435,162.8928935,133.1327253,127.710022,-25.20415327
1.862220233,11.96401671,34.10330051,74406.20882,19.91093173,5.519411826,1.148616734,25.0412056,3.024490413,3.083079834,2.291238103,2.280847359,66.63539136,78.25222545,198.6452702,89.53949241,82.58871386,99.7371329,146.110509,154.0602654,-21.23521627
1.863685467,12.06488511,34.06411221,71532.80726,21.07421327,6.45983108,1.155912586,27.83411933,3.017302172,3.075627895,2.315534751,2.283282663,63.32152121,79.13158275,189.0090127,88.27511079,60.30972774,103.0270525,147.3957517,152.5981912,-18.27049667
1.866413589,12.31296012,33.83002363,70722.37478,17.58960949,6.47099598,1.160418083,25.25938353,3.023163571,3.081419102,2.277587681,2.25493423,64.4526381,76.16449918,193.4047312,100.3476931,95.5621727,115.9130049,109.0772953,119.1488388,-30.72352133
1.865958641,12.29515214,33.78534121,70715.92938,17.76084845,6.126883806,1.176742271,26.0523322,3.023306756,3.082077155,2.287251551,2.259984137,72.51547224,75.80351668,203.7446442,94.33278799,101.1448208,109.3018984,110.932205,115.8817197,-31.02264687
1.865081772,12.26244425,33.67694618,69489.48063,17.81495647,7.113144125,1.196943319,26.2001298,3.022034671,3.081010519,2.305354206,2.273377286,73.27342688,81.15163351,172.5790927,92.46600592,99.23106893,119.3013368,110.4752759,123.1260355,-31.187693
1.864670248,12.24619517,33.6209997,65722.30841,18.55598312,6.100727418,1.149578769,23.91160647,3.021951612,3.080938529,2.277516099,2.24636795,76.12297834,81.28320371,100.3109823,96.90879603,100.6179781,120.7836742,124.4991646,122.5684086,-31.090909
1.864801552,12.24944494,33.62792599,67111.1515,20.02902305,6.310044561,1.156779719,25.79309907,3.022310115,3.081068473,2.284659513,2.249933426,67.08866624,77.82399545,107.2450547,86.26713258,87.54980877,135.7869153,135.1098544,128.7753212,-29.14694567
1.866490399,12.30831315,33.81339143,71215.3241,19.62348709,6.657459241,1.156091254,22.5779052,3.029091171,3.086633552,2.319551738,2.306442975,70.070496,77.49075083,120.8238903,96.13388608,116.3507148,155.1534348,124.6796521,110.6585768,-32.49978247
1.866620384,12.31153028,33.82024815,69420.00515,20.47202104,6.187681746,1.15837706,24.24943067,3.026706803,3.085003225,2.316813237,2.296955028,70.070496,76.84013523,69.89211506,83.90287673,104.1682798,164.270984,133.3186949,140.3805695,-35.85261927
1.865305879,12.31270069,33.49436288,67915.53961,19.30293248,6.667644186,1.157858978,21.7931682,3.026789364,3.084829058,2.315591293,2.285785419,70.06600903,75.37981558,71.95620659,61.20786415,76.07141252,181.4179864,143.1204184,147.9017577,-39.20545607
1.86698966,12.37093353,33.68116987,68752.43262,19.63115713,6.472538516,1.1460884,23.88462753,3.024103162,3.08219996,2.339933854,2.304105258,68.036376,68.70571652,71.16118116,57.70122188,71.84060038,165.7703678,175.8941798,147.2908633,-42.55829287
1.866515062,12.35252806,33.63642942,67206.89428,20.19355793,6.716837662,1.149669365,21.6922904,3.023169738,3.081681479,2.329448896,2.29020763,74.24777331,78.84201022,59.23994114,41.63143935,54.09655514,179.2464896,191.2487094,146.6740528,-45.91112967
1.870487589,12.63288416,33.56382979,67845.10588,20.03440429,6.338275571,1.151956566,21.9761568,3.023204648,3.081889734,2.316078189,2.284972247,67.1731776,77.51650272,53.11370576,64.79995827,51.2090111,157.4495647,187.593185,163.0265638,-42.52486193
1.869488771,12.69119385,33.21192376,68622.62863,19.37482276,6.569638392,1.151764524,22.13333793,3.017247445,3.075932389,2.283444339,2.262416652,67.09189,74.92332571,68.31429888,71.0227944,68.1563768,170.3119811,177.0580906,132.9725698,-37.81141307
1.87006202,12.85163024,32.87808328,68681.61875,17.29208154,6.21444038,1.136472283,22.5743858,3.022816518,3.081579647,2.269820769,2.246420847,62.184513,76.61809252,58.60822431,75.24930902,95.62322696,171.9678513,155.5572709,129.4623894,-34.13707473
1.870050207,12.94897224,32.57140874,70118.45132,16.89623103,6.434066512,1.153208485,23.0799494,3.025646378,3.08394633,2.323247019,2.294368604,63.12620862,70.0045259,80.91133384,66.73563329,100.5684174,177.5913269,157.1484355,122.1762308,-25.8561172
1.869660366,13.02495865,32.28458358,70418.74336,18.07050051,5.978939375,1.147164733,22.29052007,3.025666599,3.083725665,2.322943835,2.274147049,64.72893886,72.82434477,91.16735357,68.89591946,94.16893817,199.1630741,144.6495282,112.0173936,-25.0281146
1.870437223,13.1471226,32.08705761,70703.00061,18.39899026,6.323657454,1.148092078,21.60783427,3.025212087,3.082758602,2.291219366,2.271865894,76.93691292,80.11234191,93.54773266,91.67771366,115.513701,162.7704006,143.8594049,105.9769873,-22.3975104
1.870047267,13.22313146,31.80014771,68900.13041,18.04079512,5.350806862,1.154068903,22.42072333,3.026599906,3.084541023,2.295562182,2.279900789,79.32152062,84.01808797,66.30747407,102.8816422,129.6564356,163.8147158,131.1848593,96.29402151,-21.1190508
1.86993798,13.26738925,31.65260484,69459.79069,18.72064943,6.113305223,1.161420524,20.69758613,3.021801496,3.080480609,2.273075171,2.246172621,72.51891543,79.25342146,76.162892,104.8801025,127.4578884,170.9207426,125.750908,92.41698571,-19.57877347
1.868940931,13.37749105,31.11823091,68103.32281,20.31677176,5.743742419,1.145947539,22.329229,3.024457685,3.083011172,2.261318344,2.230563441,72.51380382,79.98661693,73.62863757,112.3641419,117.8029414,168.667678,136.2824595,75.02620544,-19.66721487
1.868621718,13.51078461,30.66008652,70672.84049,17.65645191,6.114754945,1.14255375,20.8301352,3.024915389,3.083348946,2.294352988,2.272654953,62.184513,70.22616414,70.15580833,94.2003714,114.0272345,159.5162692,144.3863403,125.9776878,-17.40789727
1.869692629,13.5942256,30.62193375,69507.72342,18.14405049,5.763626959,1.139853391,22.5779054,3.030317723,3.088487872,2.324599891,2.300491046,62.184513,72.00545052,77.58627669,85.36066372,106.2314473,174.6161706,146.3362797,108.1896621,-18.3052362
1.871917282,13.66061152,30.88913146,68580.24843,17.96795225,5.310254777,1.148702643,23.70633207,3.029078024,3.087362284,2.308809238,2.274880121,62.96579,75.08672813,86.83291609,81.16931998,112.7718895,174.7969087,144.1972656,91.39091495,-16.45912
1.872675724,13.68606615,30.95357058,66869.39011,18.26116929,5.236058203,1.145704954,22.07820767,3.028859925,3.086993922,2.272824337,2.244492888,71.4222072,70.64000668,75.76464788,70.5118149,108.8137645,169.2219614,149.6764431,98.39691728,-19.7405242
1.873412112,13.71129985,31.01123191,67041.05726,19.99009724,5.547254075,1.154011764,20.8184052,3.016979993,3.075873395,2.298743147,2.256631053,72.37364636,79.24938261,74.00561711,64.39645081,97.28433749,174.6083154,145.2231546,117.9331042,-19.7248688
1.873851611,13.6814898,31.16740467,68374.01273,20.39412449,6.487683312,1.146112485,21.1198666,3.027104833,3.085129543,2.301232844,2.288332524,65.19596725,76.11885986,88.35579358,55.91548995,91.26301582,175.8414898,145.0306999,132.9346744,-20.6340674
1.874664499,13.75845403,31.07232929,68614.68041,18.77087855,6.010721169,1.138500093,23.09050673,3.030952768,3.088379133,2.221039731,2.216425558,63.28032423,69.37350041,91.7855652,78.89813055,105.7149967,178.8895351,140.0238495,97.07708246,-27.3278846
1.875832102,14.03144251,30.5863287,67094.1717,18.69129527,6.076540693,1.156866197,22.8371388,3.024955948,3.083356633,2.277209548,2.261991558,63.27282758,68.80657006,94.19443129,63.21829667,85.60196922,187.1322476,139.0924332,108.8087701,-32.32123633
1.875676714,14.07350473,30.48280437,68394.2278,17.09445674,6.53974249,1.14846613,22.8054676,3.030288762,3.088435636,2.301395638,2.281214087,63.26998324,68.10990187,84.17068385,59.3041259,96.51899298,173.5777089,155.3934995,119.8122422,-38.14380807
1.875137452,14.04810523,30.4902483,68591.60989,18.96286268,6.499944449,1.146033108,22.06882367,3.03247375,3.090565573,2.30176181,2.274125579,63.27102824,72.04290596,93.57654429,52.06187051,62.54521316,182.8439297,156.1265084,145.4894953,-35.1141326
1.875329589,14.14872894,30.29044931,70386.13365,19.00698147,6.109764396,1.149287757,21.5925854,3.030373643,3.088624198,2.336052934,2.309016974,70.709474,75.32320891,118.7353265,41.3147044,56.09982688,173.8151332,166.2764134,159.057787,-37.7189462
1.874494681,14.07065898,30.3864273,71547.53107,17.33518939,6.283412258,1.155540467,23.36968047,3.023266812,3.081888883,2.29439256,2.270791222,72.37904922,74.7963703,122.22491,50.31489184,54.08751482,169.4711818,159.685074,171.5398646,-33.80280713
1.874007092,14.05115544,30.38610225,72180.24048,17.44463952,5.613698057,1.158905453,22.5966734,3.027254035,3.085598567,2.289431684,2.257960204,72.37661468,73.09197818,118.1414818,50.98934112,58.60853304,177.3076182,165.4947884,162.2269453,-35.05695273
1.873814311,14.08431402,30.29718805,73288.99201,17.91206778,6.185457502,1.158059675,24.70103607,3.026931718,3.085458691,2.307364821,2.258075157,60.83741259,69.42108377,123.0278293,51.61128903,62.34997054,196.4149077,177.219421,133.9971404,-30.42938153
1.873334319,14.06891812,30.28911913,74071.58725,19.67859938,6.205415244,1.145591744,23.34152833,3.028353795,3.086921552,2.334006715,2.270401415,60.83647262,73.65991947,130.0149127,50.96210109,58.92055003,198.5971634,156.5228309,158.7331781,-26.404362
1.8724564,14.08260715,30.13496305,71867.81919,19.33199522,5.436168655,1.155529042,21.99492447,3.029440795,3.087946603,2.301799374,2.257536775,64.01442819,74.96255636,126.6831703,48.83607792,72.06676709,195.241865,157.3517598,131.0969851,-24.6396702
1.870455083,13.73164894,30.71684397,71283.67973,17.18530551,5.759630817,1.151187313,22.32453707,3.021325032,3.080065236,2.220663974,2.21628219,67.66537012,75.38307047,125.3366091,68.36839444,73.13943392,189.0435083,152.7067472,116.7366541,-22.84090247
1.871841561,13.87182087,30.58366834,69552.99935,17.18273162,5.689445182,1.146455659,22.5145632,3.026690303,3.085673714,2.176269369,2.17392237,67.66477231,75.31694759,117.7909546,77.24586546,74.303359,163.4478383,144.8421641,129.473067,-20.578198
1.872166716,13.92927579,30.48826781,69126.83104,16.02365268,4.835950156,1.146269041,25.13973733,3.020102356,3.078810215,2.252830104,2.243670345,67.65853315,77.19293307,133.5475014,71.13502049,88.42912355,155.8538413,137.8643385,118.9685867,-16.1212222
1.8725,13.99087175,30.38509752,68751.5795,17.02042373,5.081833279,1.160077712,19.52341293,3.004279191,3.062814335,2.214851939,2.222910955,67.65768109,75.24059878,149.3680947,70.76706293,123.6873259,118.0375272,142.4945826,100.965632,-13.395791
1.872846586,14.04940881,30.28879397,69075.9283,18.03730522,5.137196822,1.146600755,22.13099227,3.003696049,3.061802366,2.241843912,2.242668043,67.73424966,73.77825231,176.0999896,68.9943919,96.4976213,86.7174817,129.9904097,155.5657968,-11.347903
1.872210652,14.08275513,30.05451651,68753.43773,16.13202994,5.906065833,1.1462874,22.54388813,3.012388628,3.070900578,2.21666528,2.220021564,62.8193,66.77091112,177.2436308,83.21642678,90.05735601,89.74424875,119.628372,150.9959187,-8.5708039
1.872844392,14.20085689,29.85439155,68031.70988,17.46891872,5.787735531,1.14884722,23.83770747,3.014551422,3.073438976,2.258939942,2.26379561,61.59856,73.86713194,174.30965,104.4170391,96.831332,99.62606598,109.7538533,118.2812894,-8.593348713
1.871140999,13.75411174,30.77511972,68115.65771,18.33559942,5.766070194,1.15085089,22.76675847,3.025556008,3.084331423,2.323391623,2.27825038,61.59856,77.06365147,185.6840941,101.228152,90.36639661,95.18090933,116.7633815,117.2061176,-6.412933733
1.871140999,13.75411174,30.77511972,67880.30122,17.23807193,5.728872474,1.149281474,22.35386287,3.029462377,3.087184407,2.302948791,2.284449558,70.95933811,74.14201659,177.9311154,91.3724172,110.0631533,103.4699544,110.4992177,109.1902242,7.797746
1.871140999,13.75411174,30.77511972,65733.78139,16.7393071,5.733042094,1.152480151,21.42836513,3.030747187,3.088240984,2.28149549,2.251169531,72.38197578,77.48863348,156.9794722,80.54325586,100.114471,123.107582,112.9678405,103.46833,-10.8655275
1.871140999,13.75411174,30.77511972,65822.30269,17.19072394,5.877389609,1.146106586,22.01017313,3.029447624,3.087950494,2.27534926,2.229665389,72.37303784,77.25580833,142.3783661,70.41765624,78.18261587,158.9901825,123.5184774,101.544768,-11.29903173
1.900360733,16.51965701,27.35925192,65171.19409,16.36264335,5.990227343,1.145329093,23.69929387,3.02831974,3.086939481,2.284720071,2.21049162,72.37302255,76.33924246,100.6862942,64.27911938,73.85083988,166.9461287,128.1302129,126.5615261,-8.906569833
1.900360733,16.51965701,27.35925192,65610.07862,18.5815158,6.257342107,1.13987776,22.01134633,3.023680861,3.082329634,2.311719578,2.242102792,59.97643915,74.4334088,57.62235008,73.2133587,100.9953886,194.6248453,123.0416942,106.6628155,-12.071291
1.900360733,16.51965701,27.35925192,65732.80555,15.09537893,5.982631834,1.146825331,24.80191387,3.029618168,3.08771948,2.259725744,2.244331656,61.46019487,69.28318294,46.81671201,62.25435676,111.5263304,194.6373125,138.5556502,101.2952502,-13.16841987
1.900360733,16.51965701,27.35925192,64978.3136,17.88991779,5.028374181,1.146627524,28.43000273,3.033869492,3.091528654,2.274874969,2.265389263,61.58321048,73.25292192,56.28633001,63.64023508,98.18481825,201.6881497,135.9035327,93.98711953,-15.85162403
1.900360733,16.51965701,27.35925192,64173.67621,18.19459944,5.570966713,1.147710419,21.8154554,3.032673165,3.090851258,2.25598745,2.243219881,61.51257866,70.85858858,55.04429311,57.18687789,84.55238934,198.1369434,138.3987719,108.0783286,-14.99240217
1.900360733,16.51965701,27.35925192,63700.51861,17.12699303,5.005788905,1.145440375,23.20311453,3.028919469,3.086811253,2.260670473,2.238323632,70.656456,77.56557133,57.32986585,58.71355227,61.56169371,198.9528559,136.5037848,124.1881112,-14.5968414
1.900620934,16.48322886,27.50626552,64414.11927,16.9160063,5.939452244,1.145570657,23.21367133,3.030657216,3.088795291,2.251017291,2.221544005,70.64935994,77.08515805,53.06369361,59.04667535,63.42005346,192.713405,140.9715656,134.2711716,-8.9859359
1.901425192,16.37063276,27.9606712,64924.59463,16.32680088,4.767053342,1.15639864,22.3996092,3.025134713,3.083432476,2.222813767,2.210474722,71.02860363,76.04717633,62.2724176,58.07587157,71.03616652,199.4018483,142.6521267,116.8967916,-9.210312533
1.90222945,16.25803666,28.41507688,68489.91158,19.38219372,6.345466966,1.147537493,23.78492207,3.032036009,3.089768232,2.287735896,2.295284451,68.19491779,71.40723725,46.39143685,78.09530221,105.3931809,177.6186685,141.5568185,133.0819311,-7.089730327
1.903010944,16.14524697,28.86343981,68006.23131,20.84074918,5.54475938,1.145696108,22.11574353,3.033900567,3.091877409,2.308045513,2.302061284,67.58514881,79.43666335,55.19177919,74.94803393,107.3041761,182.8300845,141.4844449,117.4385724,-7.35859308
1.903814311,16.03615612,29.31052336,66363.88093,19.7398937,5.535770779,1.12727636,21.65006253,3.035978444,3.093734656,2.269820105,2.261284659,67.58430185,76.47403747,46.88191948,62.53735764,104.2287005,186.8593869,146.3925587,114.4790315,-5.6169505
1.904618569,15.92356002,29.76492904,66656.80956,20.50535374,5.786570513,1.14867107,21.82601213,3.036171927,3.094272528,2.285183215,2.279189881,64.1377,62.93200923,45.50839854,67.33349739,98.46190881,184.6572834,152.4016439,115.5621734,-5.95520974
1.904259259,15.79086619,30.0041368,67329.10772,21.34355232,5.890277257,1.155609739,21.26649133,3.026479193,3.08457911,2.298427204,2.276529933,63.67682399,78.47606278,66.77609352,52.46214599,97.01585708,186.6112071,181.4247178,90.48937425,-1.7825669
1.904822229,15.72028384,30.30403048,67245.91428,20.27414941,5.256729387,1.148127483,22.49344927,3.03373321,3.092674465,2.251132308,2.249565915,63.55500787,77.37348525,86.69287259,64.34703818,95.77155479,208.754702,134.7402471,87.72651289,-1.11508948
1.90799522,16.16118614,32.27143412,69369.86012,19.65442755,6.615866258,1.146069666,24.30925387,3.03437657,3.092872428,2.24396159,2.234250672,63.80964699,77.9234131,131.2152633,64.88447185,87.72962479,172.5942358,138.2944111,113.1058943,-1.977597953
1.908807888,16.04741261,32.73059157,69382.2558,20.92669816,5.556895161,1.146260458,20.75389,3.034537547,3.092745774,2.308617292,2.284136758,63.26950581,77.84784636,132.3665226,72.6511901,88.61894333,156.3183878,134.966465,123.2929001,-0.67194768
1.910710059,15.95205621,33.36826331,67557.64232,21.06968894,6.678953072,1.152584947,21.89404633,3.032840979,3.091118622,2.246267915,2.226064224,63.27070307,77.1936828,119.5346577,76.36591883,93.52107038,155.2018729,135.329779,107.6723008,-1.227226
1.911251109,15.87942916,33.66708962,65678.16788,19.76795597,4.974865515,1.146374647,22.66001527,3.026297203,3.085302789,2.229331315,2.211584444,67.89717194,80.31800016,92.69379576,67.21314751,115.6829654,158.2775756,138.0431913,91.89406475,1.2310284
1.911251109,15.87942916,33.66708962,67121.40297,20.2441208,5.338064735,1.145581945,21.50578313,3.034520114,3.093479449,2.243666598,2.241052494,68.85641349,80.5268168,93.59305535,75.49872319,119.6458741,166.6194709,125.8943386,96.85650102,-1.1908064
1.911251109,15.87942916,33.66708962,67934.59634,20.26730666,6.350892515,1.146103482,23.26645607,3.034841942,3.093313574,2.225037904,2.221442047,68.849441,76.97093539,58.54470543,68.19243573,135.0381756,176.0976216,133.667441,107.5791542,-0.92290938
1.911251109,15.87942916,33.66708962,67713.08491,19.89677951,6.345190696,1.150735998,22.58025153,3.035610048,3.094367975,2.239759118,2.202276105,68.84943939,79.12241421,62.1301478,64.76317161,146.4656886,177.5580726,125.8424766,100.9418892,-0.499363309
1.911251109,15.87942916,33.66708962,67590.88193,18.0776843,4.992442162,1.145577673,24.51218267,3.034369723,3.093339014,2.288035881,2.260031671,70.17351417,73.42828345,91.98450111,77.23410168,126.3774692,157.5431845,134.8365574,94.4336919,-0.299723329
1.911251109,15.87942916,33.66708962,66976.60908,18.69532246,5.144812535,1.158572243,23.1679244,3.025193649,3.083553695,2.260221819,2.242195746,69.76192452,75.23675775,116.3880765,76.70852891,114.5807355,142.4004942,133.569003,97.59512815,-0.384136171
1.911251109,15.87942916,33.66708962,67371.13776,18.74784634,5.29210159,1.145592257,27.23823513,3.035914332,3.094726254,2.292115764,2.267474313,70.35116203,75.69440199,112.9499048,76.56401264,96.25594527,143.5963596,129.6908399,125.4519346,-3.589389493
1.911251109,15.87942916,33.66708962,73374.44866,15.91541804,5.422958757,1.148981658,15.38976067,3.045825078,3.10354814,2.315955625,2.300462432,69.58760006,74.26118743,135.0977336,73.23080481,91.32052374,157.9124469,145.5038879,144.9445844,-4.736713273
1.911251109,15.87942916,33.66708962,72016.55945,19.13928484,5.473546657,1.150184621,26.16493967,3.051366786,3.10865407,2.340689892,2.337212067,68.98465821,79.51980048,152.352726,69.03827682,67.0300813,158.7689788,150.0643272,140.8480979,-3.218511427
1.911251109,15.87942916,33.66708962,68751.71016,19.1353261,5.078530475,1.147867072,21.99140553,3.050325737,3.107878812,2.295523834,2.297222249,68.98362089,77.71071123,146.5541009,71.68008735,72.39945806,170.3606054,121.8847532,121.9160401,-5.859583093
1.911647373,15.89919561,33.66789849,68527.41516,19.13160041,5.97661881,1.147899617,22.2306972,3.042205463,3.100448507,2.294562782,2.282344435,65.14287023,78.2108102,157.8591387,70.18676916,74.03576925,156.0377726,131.9910483,114.7049265,-7.64444884
1.911647373,15.89919561,33.66789849,69358.10229,16.82325539,4.580458656,1.158026355,21.72044207,3.052128276,3.109583067,2.276038677,2.2547755,61.75461946,75.69482226,150.1015845,76.2855615,77.33545254,152.4781408,136.2950922,118.9411122,-8.587003327
1.940958741,18.67439596,30.23964084,69317.04632,18.53388563,4.791612453,1.149872674,21.0084312,3.049645942,3.107767426,2.313128665,2.2873069,61.74505,74.18755484,142.7319208,65.72608032,62.84454239,159.5773108,141.5566998,137.1596703,-5.0514587
1.940958741,18.67439596,30.23964084,70131.563,17.128704,4.563300458,1.160485846,24.57200553,3.05536535,3.112849879,2.28942996,2.292649669,64.44102564,75.72271552,139.6179847,70.1708273,75.09956683,161.6957419,149.0359967,121.3036363,-11.29071102
1.940958741,18.67439596,30.23964084,70386.0417,19.37517095,4.846824214,1.147981014,16.642525,3.054739392,3.112312579,2.258328402,2.269493292,69.9879216,78.42209406,120.0897902,60.70739128,69.7083539,158.7780419,149.0025096,157.2789618,-9.585772767
1.940958741,18.67439596,30.23964084,71151.93113,19.77901818,5.847969272,1.154663316,23.79665233,3.054533569,3.111997049,2.239314138,2.235089477,66.88252411,74.96949471,122.2577817,59.03560756,61.08500476,168.859319,158.7215684,153.4682248,-9.736013553
1.940343602,18.63843306,30.26116114,70050.48511,19.50400132,4.62029291,1.146996965,24.83475733,3.050913607,3.108510797,2.248150405,2.232481337,66.85073725,77.17422421,93.90174803,54.34932358,65.40901327,180.1316871,167.6501627,145.6654991,-7.7854137
1.939626777,18.61412618,30.2026096,69957.6775,20.14116938,5.669533235,1.151364576,28.062854,3.048854603,3.106016375,2.249615928,2.233617585,66.78931255,76.28023599,48.25275968,46.02346605,60.07352194,219.5745716,177.7531167,145.312718,-7.671820153
1.937763197,18.57407993,29.9461527,72149.64026,18.94889418,4.525092435,1.155360163,26.3807718,3.046962325,3.104700552,2.25936224,2.242074286,66.78960014,77.46534616,69.1066239,54.28717625,67.71373056,232.8125648,164.2932592,134.4354258,-7.466913667
1.937041455,18.54960632,29.88719952,72353.92541,17.09896968,4.26437885,1.157753596,25.54911473,3.040750724,3.099075664,2.254512589,2.239810712,71.11432328,78.95181139,78.45367243,66.10451104,83.460222,235.8998449,148.8037104,113.7815202,1.019033
1.921883289,17.64043501,30.28017507,74172.3776,19.97118546,5.769591815,1.145650869,30.90855187,3.045719533,3.103690302,2.283441525,2.255732947,71.39211824,79.78370652,74.63562313,56.89493583,75.74760674,250.6768167,152.2136746,133.524139,-24.37371387
1.921814346,17.61966245,30.35063555,75150.09825,16.82095667,4.147898964,1.155861294,26.54616533,3.046716952,3.104445218,2.250139595,2.234065207,74.56361251,75.51613197,82.44230794,68.73398379,81.07704723,244.2364805,157.4624157,120.8147063,-24.78838367
1.920622199,17.57734247,30.25334036,76565.68848,16.75297528,4.281057561,1.145287889,29.31209927,3.042902285,3.101155539,2.297471469,2.264559279,74.665316,74.21417899,62.77062446,75.49181823,101.0357722,235.4057237,158.3658523,131.650605,-25.4904634
1.919841772,17.55277426,30.18951213,74736.13802,19.90976079,4.519167464,1.169808209,22.5837702,3.043078178,3.101155899,2.274339292,2.240099439,74.65214896,73.95209756,61.74333409,58.35954796,82.91505111,276.9718628,151.8546652,114.7753702,-27.43762553
1.918681435,17.51236551,30.09137658,75209.95695,19.54781237,4.486178354,1.148441834,26.42769167,3.032905038,3.091206487,2.286990783,2.261613184,72.017993,76.18706706,52.03789308,54.55106734,82.96369906,276.3028939,160.508805,122.8681798,-26.185644
1.917473629,17.47025053,29.98905854,76047.98733,19.82110955,4.465630228,1.103414018,21.52806993,3.040436735,3.099100947,2.278205373,2.255901264,67.64111497,74.56068603,55.85117863,53.74092931,82.28712724,271.1794308,162.8121131,132.4299665,-23.3971928
1.916708861,17.44547732,29.93025316,75175.05432,17.9081424,4.324361859,1.150912872,26.64352413,3.040330692,3.099041836,2.22424004,2.204791492,72.14362488,78.32171299,66.20254689,53.60762924,86.5292014,269.7282355,154.9281444,120.8113396,-22.596241
1.914863359,17.40100292,29.69623242,77033.06368,19.52601213,5.65284126,1.15095022,30.3326094,3.043450346,3.101888502,2.213583574,2.178880284,71.62790893,80.95307644,90.18037493,70.61019345,79.57171278,257.3821863,153.3847438,123.7537343,-22.7946662
1.888087026,14.90483948,32.70044839,79132.69964,18.59945909,5.445346902,1.150510075,27.63470873,3.042952996,3.101003156,2.264708644,2.244083725,73.92804,81.53437044,129.5203305,70.5563302,88.50793356,227.1268111,152.3903975,135.2468346,-19.514174
1.886802865,14.86129477,32.59555585,80915.23208,21.67999686,4.779939873,1.095832083,21.81897453,3.049207517,3.106295437,2.258090538,2.248757088,59.66485927,72.17046904,194.5738982,86.31412643,97.34771846,192.2571643,133.1446977,130.3964573,-23.61811753
1.886102414,14.83754311,32.53834174,79695.71313,20.3481697,5.817518379,1.146962767,26.80422447,3.046010955,3.103365598,2.248943679,2.242401825,60.28016,69.06551994,214.3605789,105.2815981,95.86151915,171.3785374,119.0338413,119.9929849,-24.980452
1.885183608,14.80996275,32.43667908,78857.11866,21.23059899,5.921762711,1.151917028,19.89760033,3.044367571,3.102338786,2.256742101,2.246518388,60.28028715,69.9552914,213.9928631,109.2059086,108.3691924,157.865128,102.8288116,125.3392642,-29.35217713
1.882380571,14.71743528,32.17755538,80965.14436,18.97829753,4.689963226,1.150545662,23.00018587,3.031293691,3.089886003,2.262707984,2.253636532,64.56577134,73.39015294,207.9160671,103.736456,83.5782886,103.885983,132.8968511,204.9751138,-30.726847
1.881179925,14.67597437,32.07364389,78099.20028,18.2674972,5.993746084,1.145446155,22.73860687,3.039194533,3.09763408,2.284714157,2.246647271,68.0961512,77.84843722,211.5877025,103.2579106,70.70640527,76.66945502,119.2524719,228.0597837,-31.861525
1.879983987,14.63392047,31.97469442,79726.6993,18.98057564,6.277153269,1.147075757,22.2717522,3.042388882,3.100642232,2.329867823,2.277191538,68.02205004,82.02000042,261.6395272,93.87376241,77.74314416,65.68734691,112.1893461,224.4113157,-25.63593187
1.879183129,14.60826482,31.91054191,80734.85892,19.26220771,6.434995377,1.154049083,22.77262307,3.038782544,3.097241298,2.287169791,2.249153459,74.46769964,82.10333879,307.5657146,111.0951592,69.8044116,50.78610244,100.5932534,214.8527833,-27.4536602
1.877987724,14.56622898,31.81163598,79793.81697,20.08790772,5.272456262,1.157132255,21.3591586,3.042203165,3.101180159,2.233579155,2.207071657,72.02812741,86.1119114,306.9152829,140.7717301,52.87257227,48.66354955,51.91600679,244.2521471,-25.12788373
1.877341873,14.5443288,31.75888177,78349.59025,18.26272068,4.948265008,1.177452647,22.06178513,3.034123429,3.092987407,2.226657563,2.193466962,71.56966699,85.21600275,308.0184528,135.4923713,44.57230436,42.84443499,60.31934776,240.0396218,-26.492092
1.876050173,14.50052842,31.65337337,78611.18845,19.41436673,5.373711071,1.14998283,20.15448707,3.042346822,3.100883212,2.235863736,2.204931487,61.82216489,73.92234602,270.62181,123.8198389,72.71014228,67.80327838,59.17762383,232.2589184,-30.804714
1.876306878,14.49863228,31.75457937,78861.7683,16.57779039,6.061100734,1.155036758,21.26414527,3.042214896,3.100701387,2.267780358,2.23599748,61.84089185,72.31234748,252.7354403,125.720675,71.41279269,69.91590514,60.56181352,245.114071,-33.70345113
1.875142857,14.45809524,31.65613228,79422.68959,16.41702061,5.174877606,1.151483394,21.85064493,3.041265031,3.099269973,2.307746848,2.266799024,61.84289493,68.43846749,239.2065427,113.3781741,80.56763181,77.58212018,91.48154428,225.9516462,-41.7978034
1.874386243,14.43350529,31.59769841,82081.55297,17.97052818,5.57766795,1.155308556,20.119297,3.037423461,3.095531919,2.29313201,2.237063027,61.84807046,68.14569072,261.3660511,106.3112791,73.93223299,74.23080456,90.40424493,252.5499156,-43.31807
1.873164021,14.39099471,31.49449735,81330.83572,17.20665366,5.447935957,1.153088121,22.79608413,3.028927356,3.087310467,2.263191307,2.211238939,64.72039079,76.8103978,273.3892193,88.05080963,61.06411394,73.81146994,81.14351406,276.1841039,-45.10248187
1.871971421,14.34980947,31.39131252,80805.10309,20.89866314,5.7988191,1.148114843,19.618425,3.033169635,3.091533924,2.238173389,2.202722351,66.76991051,74.16013149,282.7341192,69.00640357,53.57551084,56.72924318,92.1374453,296.1680154,-42.82086
1.871243386,14.32586772,31.3376164,85519.88883,13.40906796,3.616863089,1.149765465,23.70281213,3.039629174,3.097446354,2.157734793,2.233110481,75.76636616,79.11237842,276.5868823,120.0210402,69.72926495,96.5046971,101.6776206,230.9433989,-45.61992533
1.869992061,14.28269119,31.22963482,82761.01062,16.14482546,3.931234034,1.153110983,18.94747007,3.032873757,3.091136537,2.181058722,2.241603649,75.75767994,81.24309353,269.000833,115.0277824,86.50730437,107.3688333,105.6538236,183.2101379,-38.09858607
1.868376935,14.23860918,31.01767752,78394.06602,18.35171558,4.279516453,1.145046628,22.2224862,3.029349072,3.087795627,2.255505409,2.244954191,75.75789099,72.33030224,258.6708092,113.7627343,78.5035231,104.3572438,111.2086937,155.3794598,-35.13656067
1.867066987,14.19376568,30.91281559,77237.42186,18.63497022,4.091177726,1.144984483,23.8975306,3.023050192,3.082133098,2.247660036,2.225650055,72.63849491,75.26293762,255.3503224,116.7878941,88.25325667,100.6797183,116.9376641,131.8476813,-31.2375316
1.866380139,14.17089963,30.85457555,74745.69447,20.52788441,4.508753688,1.15053954,22.34799727,3.025544639,3.083981863,2.240689551,2.215182138,71.97316079,69.88406221,252.1242257,106.9003562,110.276851,117.5476293,84.80423,113.1188797,-29.785433
1.865194735,14.14269138,30.71511953,74339.83983,19.83281551,4.376481544,1.154297005,19.80493327,3.033982806,3.090879506,2.2614199,2.253185148,75.41734,79.52538526,251.4523646,98.48946898,84.22283493,136.3125365,99.99060795,110.2426628,-25.81159827
1.864544722,14.12065001,30.66202525,68975.88084,18.59886633,4.4382985,1.162774166,24.5896008,3.029229031,3.086571696,2.234890411,2.211823434,69.81073868,80.19489023,249.8518604,85.50540163,69.90080695,123.1626326,89.34617287,109.8845632,-21.98325327
1.863894709,14.09860865,30.60893097,68026.14803,17.14089364,4.270451318,1.144863554,23.53155393,3.026351063,3.084094631,2.249377458,2.218592706,69.75576754,76.06202273,246.4173483,84.34361526,70.24974053,123.5224485,86.6510659,106.3886794,-22.795393
1.860440623,13.55725685,29.14770553,64359.41257,19.43658978,4.310167802,1.144793658,22.48875753,3.024507766,3.082763815,2.25730794,2.220300242,69.71306745,69.37525259,115.5554867,81.79109337,101.9613764,118.0613521,115.2089456,122.915368,-17.52286907
1.859790435,13.53520956,29.09459699,65483.91916,18.6232881,4.23007874,1.155398725,23.95969967,3.026103474,3.084006875,2.250086629,2.217016902,71.4035154,71.62878884,123.5861872,92.91805307,90.62731797,109.2970293,115.8135436,135.7465538,-16.27675933
1.858474349,13.49026591,28.98957561,68233.14694,19.36332587,4.095010758,1.147613519,22.70458967,3.026917584,3.084707853,2.273423012,2.240363399,66.84733178,70.67282701,129.7317801,106.2502129,110.2253392,109.9279326,117.9285315,122.2539733,-15.236492
1.856730564,13.41971778,28.92481629,69921.97087,18.53372314,4.177165617,1.148261345,20.86532533,3.021419244,3.079577343,2.250653669,2.213186246,71.90161,69.92227484,129.1444174,118.3835604,104.3260837,105.0131687,112.1477456,143.8051996,-15.44080223
1.857662547,13.46413756,28.92420742,70550.94547,18.11877528,3.627388132,1.150842792,21.85416447,3.020659594,3.079019027,2.24939637,2.21497948,76.3109007,75.48500026,151.6513805,105.8228185,94.86647424,114.549596,112.5757739,143.9433226,-19.90917867
1.859102874,13.51827021,29.06205211,72753.26563,17.31813255,3.513970753,1.156788192,20.59084313,3.018417945,3.076477457,2.278642148,2.255635282,74.60742743,76.55954649,168.1154821,91.32806362,81.07893084,121.7605108,112.389701,173.5638496,-20.890848
1.858591848,13.48583642,29.16106406,71631.58656,17.83400693,3.438370002,1.141637018,20.11108627,3.023812468,3.082380529,2.273920443,2.250068722,78.19414159,77.11966827,176.3767501,77.36238673,70.4386997,122.3698746,122.9883835,169.4207281,-23.4205678
1.858915057,13.49978301,29.20027521,70749.50199,19.65647711,3.821029128,1.147650011,22.61778793,3.020448307,3.078702773,2.299400305,2.267181894,71.75472139,74.32152673,176.4243655,74.12814715,61.37494737,105.7727044,142.5395791,170.1447401,-18.1031268
1.861058481,13.5768272,29.38913469,70747.53628,18.00501102,3.694876063,1.143108525,23.25589913,3.018480915,3.076357429,2.316888968,2.270302478,71.63486168,73.04605026,165.3332623,69.79392421,63.86112539,101.7979215,145.49318,181.7587058,-14.8033158
1.862267824,13.61420679,29.55027624,72146.97318,20.04765324,3.910622234,1.147138545,22.18729573,3.018534946,3.076971184,2.340204572,2.288689306,71.62892326,72.65383257,187.8826826,79.55994551,71.74585074,79.23418846,143.8095469,184.1259667,-10.881764
1.863801,13.66511714,29.69844696,70562.81657,20.12556227,3.814285657,1.144831288,23.89635753,3.020321761,3.079006619,2.305135916,2.234842276,71.39237848,73.53280549,191.2467014,96.09116974,88.13351733,86.79595344,137.8554542,131.3143862,-8.159779713
1.86327981,13.64638326,29.65252435,70552.09356,17.94442213,3.458164833,1.157555577,24.99428567,3.019829584,3.07801069,2.276458402,2.256761618,77.60881069,78.88912638,193.0919385,99.73177603,86.68537114,113.8266073,103.251415,135.1927105,-3.623288667
1.86219005,13.60721242,29.55650434,72823.92483,16.76285603,3.304309772,1.158408125,23.13156127,3.015048919,3.073086266,2.238765986,2.22193681,75.59642598,76.91208566,221.4148612,109.6181335,88.06137193,111.8625915,102.536514,126.221716,-2.3193908
1.86166886,13.58847855,29.51058173,71911.69321,16.44965652,3.357609541,1.145849161,33.63108493,3.010283759,3.068338683,2.250557011,2.223220061,75.594344,78.47548711,236.4991822,105.0273522,95.86569575,113.0022201,103.3431123,99.99484991,-0.75776464
1.86114767,13.56974467,29.46465912,71403.18662,19.87607153,3.700038274,1.154740123,26.5637602,3.009752328,3.067648354,2.281138801,2.236450682,75.591292,77.31231335,244.6469969,98.76467868,86.11577346,126.7496992,97.09768992,97.02557581,-3.8673384
1.860663682,13.55394522,29.4199842,69932.79303,17.96822899,3.340080855,1.151942318,27.31799907,3.005652948,3.063835367,2.316567443,2.249789102,70.04094108,75.02891443,207.4360179,98.70058614,89.93284301,117.1090427,107.1346432,108.3118992,-4.311496847
1.860094812,13.5334975,29.36986042,72234.3734,19.80325531,3.848340772,1.149339237,24.50397187,3.00864337,3.066247933,2.297294089,2.233968274,70.50541926,71.51206229,208.1694944,108.6763067,114.2770512,106.4960578,101.0571899,112.662402,-8.904247133
1.860015798,13.94233017,30.50543444,78575.28221,18.8606618,3.846491403,1.141095537,21.30637353,3.010707244,3.068163921,2.250059819,2.237246224,70.57631013,74.91402778,203.1356479,124.8000432,130.7143216,122.1501186,107.5853233,124.3041833,-16.34317173
1.85793049,13.86737493,30.32169563,80260.46118,17.94703008,3.691492288,1.159354037,22.24829253,3.019989392,3.078227545,2.295336625,2.239983645,77.59632316,79.71886792,211.0296812,134.1074009,125.9410457,118.0259674,119.5142598,122.1633995,-25.17036527
1.856319115,13.80945498,30.17971564,81188.46881,17.06091274,3.574990659,1.16560774,23.30281953,3.010387284,3.067947295,2.251139456,2.20807341,72.22259738,76.48969992,232.4918285,131.5089539,120.6577023,123.3338233,118.7685775,117.3838103,-39.343254
1.828838863,11.30226962,33.06335966,78813.72587,18.14251816,3.583037867,1.153332066,24.35734653,3.015679877,3.073922044,2.297038549,2.25070562,70.03928765,73.31342118,247.9342819,105.9479515,106.0078209,116.5461006,126.6950181,120.871768,-40.35456448
1.826706161,11.22561085,32.87544497,77140.64691,20.65409054,3.934124571,1.154070771,23.71923467,3.018263003,3.076406719,2.340290819,2.268257744,70.03721965,76.06761975,241.4652645,76.8094541,85.86218297,107.3577778,133.4785711,161.225647,-41.36587497
1.825101396,11.16791151,32.7332789,76323.4267,16.07934163,3.526773897,1.150844585,23.3696804,3.017745497,3.07599865,2.307038474,2.225283221,70.03008886,73.4236996,210.8647193,62.57623384,60.94707473,110.4458156,153.3419269,193.8683431,-42.37718545
1.825101396,11.16791151,32.7332789,75486.44398,19.06512765,3.980828484,1.14960474,23.31337627,3.018161845,3.076946382,2.368779933,2.269574041,70.02697172,76.16215825,182.6804278,64.93454988,63.65150243,122.7108111,164.6094941,179.5904638,-43.38849594
1.824579932,11.14916776,32.6873321,73710.25487,17.94565017,3.974160524,1.151388018,24.53798847,3.013536024,3.072102185,2.313287777,2.195177069,70.0307908,72.63610806,164.1461826,57.23484764,59.38461622,144.9990676,170.8530307,160.411086,-44.39980642
1.824579932,11.14916776,32.6873321,73264.21833,16.92293037,3.726374737,1.137956036,24.0300798,3.019043868,3.077790004,2.208957758,2.138485067,67.50891618,68.93574996,161.7522868,47.62816187,47.92132776,154.935146,168.4713927,171.4495288,-45.41111691
1.824579932,11.14916776,32.6873321,74865.63084,16.71849838,3.916813143,1.130497437,21.77088133,3.019209421,3.077638723,2.271044204,2.242079053,67.51087728,67.40645345,175.5307902,41.43723605,45.24629981,148.0365325,177.3847238,183.0192351,-45.77985772
1.824058467,11.13042402,32.6413853,75376.01911,18.91705828,3.985032828,1.153896384,19.6606542,3.01983924,3.078986353,2.24747028,2.209592462,67.50868429,68.57863404,183.5603325,45.50048165,40.74024828,156.4306857,180.175176,170.8271383,-46.14859854
1.824058467,11.13042402,32.6413853,73938.30124,16.37445412,3.879337188,1.153905133,23.07291193,3.020088206,3.079039444,2.356677231,2.242587156,71.97717969,70.53856594,172.4201937,56.92328852,56.18642227,152.3969475,154.730043,168.1878226,-45.87476969
1.823108108,11.09587175,32.53986222,76102.95877,17.7230792,4.413247113,1.147284685,22.4394914,3.017572978,3.076351846,2.336868734,2.22984896,71.84248981,70.36480467,157.2141629,64.19610043,69.322289,168.1256883,154.3896211,165.8442088,-45.60094085
1.822583466,11.07701378,32.4936354,76218.6365,22.77135637,4.898904657,1.013340097,19.090576,3.021778243,3.08022349,2.346292197,2.241463514,70.03174859,73.29575788,155.8259068,68.55351664,76.40890789,156.9787057,162.7718326,159.5038607,-45.327112
1.822583466,11.07701378,32.4936354,81649.49561,15.14869727,3.448870498,1.15265756,24.8195086,3.047052184,3.105116934,2.266140834,2.269366601,71.23713706,67.4171261,180.7756546,100.0654405,86.25082386,116.3638968,171.2692991,183.5628413,-43.17648953
1.822583466,11.07701378,32.4936354,80703.58757,19.35923216,4.111079477,1.137968018,20.59553433,3.042090669,3.100664821,2.211997409,2.215930842,71.23372658,71.50832292,185.1019072,116.3094367,93.92562534,105.6972838,151.0120692,177.8333979,-37.62179987
1.82205298,11.05796291,32.44767152,79471.55229,17.87077875,4.127840698,1.145478785,20.66943393,3.040135112,3.098371295,2.247962597,2.239835257,71.392778,70.01587856,182.5933746,98.96441183,92.46996423,126.9251015,144.2702111,171.9610815,-34.93656433
1.82205298,11.05796291,32.44767152,80367.35805,22.19452231,4.621330921,0.844044498,31.40590467,3.030051064,3.08875692,2.285916208,2.259012803,69.57882005,63.69182975,197.572361,119.4002382,132.5225083,132.2259726,123.3886129,123.9754577,-33.37876407
1.82205298,11.05796291,32.44767152,82170.90033,22.67956806,4.452749515,0.730495308,25.06466533,3.035564771,3.094750431,2.305749236,2.289217744,69.8596343,65.1659931,212.4052969,121.9622635,135.54297,107.1370998,133.6570797,139.1988712,-29.47752233
1.822034667,11.14301867,32.12571733,82584.5164,22.01411319,4.289618305,0.805753672,23.8095562,3.037308379,3.096497667,2.317165424,2.297324166,70.143745,67.63486617,225.1711473,119.0614924,120.3842431,96.41325312,126.940562,168.4386762,-23.62027073
1.841222104,11.92234857,33.51518066,80558.62844,25.44177648,4.608676979,0.797168571,23.10223647,3.036955886,3.095853896,2.291921514,2.255462066,70.14088034,75.08100886,200.5413201,130.7231093,97.2394564,97.55453821,124.1670805,181.3196321,-20.203415
1.841533333,11.97702133,33.37893867,83306.78607,24.98421977,4.504729125,0.79547798,20.94626213,3.037634776,3.096092527,2.349864923,2.298688894,71.39093013,71.07080981,206.1619474,154.1455854,101.1302999,101.0435393,119.7928296,177.4829361,-14.97588627
1.842116769,12.08667555,33.11283125,81490.78483,23.55295212,4.45091711,0.795559094,28.1449642,3.037820606,3.096956034,2.287033001,2.264996891,68.00470415,72.35358641,210.8539629,116.1948025,106.8590673,95.12983751,154.121824,159.5958014,-28.9981892
1.843046252,12.11937533,33.20653642,82547.4613,23.58371913,4.462293856,0.803974506,34.51200773,3.035671327,3.094477685,2.276345149,2.261185079,77.47066308,77.95037625,222.9937894,118.0902281,113.9522994,97.43930637,161.6769537,141.4412745,-24.545544
1.843583045,12.22550253,32.94133564,82773.81826,23.56535295,4.501207378,0.812931816,26.2845862,3.035335564,3.094764464,2.255913191,2.241954328,76.07286285,78.05574326,221.6511035,123.7231214,117.7802371,118.8098061,149.2312228,126.3761344,-18.81034393
1.843905625,12.19403626,33.12010397,88922.76848,19.81035857,4.140402172,0.969359253,25.6769714,3.040697278,3.099241108,2.151762196,2.256142784,70.44772837,72.19279748,209.9517271,135.2187085,127.6654521,119.2295007,163.1650529,160.329548,-14.23194893
1.844877725,12.22814195,33.21800372,90443.04,19.00143737,4.133397012,1.005465557,22.76323953,3.039700548,3.098696307,2.257267714,2.337186541,70.44610279,68.0751725,197.4683112,161.7821562,129.950016,115.939338,143.6247978,179.244083,-9.776997
1.845316321,12.19966241,33.40241893,91656.51868,19.05240123,4.294887689,0.921973177,22.873502,3.036364708,3.095184136,2.23541154,2.287819223,69.24420855,66.6023943,184.355673,154.262123,136.3302956,152.7290877,145.1760006,164.4248167,-7.116673593
1.845189333,12.14888,33.54238933,93777.98286,24.6318728,4.738998384,0.804658774,24.0899028,3.034169164,3.092698558,2.26086766,2.303282135,79.00837909,79.53622914,165.1408907,145.0326378,159.7110371,190.2058904,152.074953,142.1955285,-4.956842493
1.846145667,12.18263424,33.63902711,92842.3664,17.93693329,4.169465762,1.00210324,25.0024968,3.035244003,3.09424667,2.232238656,2.304920314,76.16748041,75.57736357,164.0591915,144.5609951,152.2845822,175.2184498,151.6756146,157.1439508,-3.218621887
1.846684392,12.20204999,33.68546663,90946.68541,17.04912217,4.183511997,0.998717348,23.07173873,3.035546783,3.094420454,2.247565981,2.281121027,76.16406241,78.2015402,173.1013169,138.1798665,109.0357028,223.2953467,154.6097899,129.9617584,0.967392686
1.846088,12.13810933,33.77195733,89150.87751,17.72824175,4.201573545,1.074036891,21.6582732,3.037708152,3.096566158,2.307614562,2.280082524,67.61266377,70.58156786,183.5026323,135.9157817,114.3756413,209.461804,152.9459761,116.3728761,1.65279825
1.84791203,12.15848702,34.10131955,87264.80426,18.15631703,4.36666963,1.199248305,22.51339053,3.034792528,3.093375327,2.279878236,2.252951587,69.24476624,71.2775919,192.7053302,150.0610836,121.8256253,156.3300384,134.5213254,140.4687295,2.936469887
1.847338302,12.13994144,34.04668086,84727.936,17.27224628,4.223201378,1.199984344,21.51985927,3.04022927,3.098705517,2.288203979,2.296428379,68.91829413,71.25987039,190.1343104,155.5435626,144.532595,126.6189138,121.9941151,131.7436149,-0.300684573
1.847800478,12.11062085,34.23974794,81472.54245,17.51955294,3.800355046,1.035444948,24.6482508,3.038687159,3.09761839,2.272506419,2.27495618,74.48153135,77.51264661,142.5931438,132.0056691,133.3171718,158.2465763,128.8079275,133.9686012,9.029954933
1.846317757,12.00935915,34.24735915,82600.81372,15.32517231,3.996760076,1.200232192,32.75016253,3.037571956,3.095768029,2.196156387,2.245407705,76.97974765,77.36072345,160.1050944,128.0739765,130.192517,191.2095594,115.5650876,118.3603053,12.35907687
1.846094249,11.95696752,34.38325612,86945.76792,14.53302853,3.554039235,1.201735685,25.10220187,3.038224544,3.096849343,2.246763328,2.317552071,69.25746462,71.54573542,153.6102897,140.9616675,138.6038229,191.3520759,126.0592022,134.3475499,14.51564133
1.845118762,11.87729117,34.4357913,84257.93663,13.58537821,3.536809959,1.198734003,24.15676307,3.033602583,3.092205452,2.272535187,2.292792596,70.02749924,72.52513724,150.1151933,135.4625845,136.6480988,187.0343495,126.116288,122.4382757,12.871299
1.825189536,11.16092632,32.67900961,85787.48114,14.39360076,3.769469103,1.196241883,23.7133694,3.040162344,3.099020389,2.300530622,2.295354689,68.82115543,69.18027273,149.9351699,131.5843034,137.3599746,192.3638323,130.1185427,131.4100864,10.591836
1.823029013,10.66810221,31.34779079,86035.19356,16.37346003,4.350311293,1.227867311,21.68642527,3.036954485,3.096065553,2.282950556,2.254829359,68.82204004,76.24720126,153.023277,131.8244287,139.1238252,205.3329001,129.6881578,116.847619,12.795858
1.822685531,10.6530032,31.30127069,83913.78673,14.88775481,4.207645562,1.206635448,26.32212147,3.03482851,3.09383086,2.244355225,2.214904604,68.88393793,75.97832886,157.4242164,133.0906792,140.6726013,188.0922718,124.1026322,112.5307779,17.72290833
1.822761015,10.65426969,31.30266222,86833.19014,15.59980324,4.104560314,1.206590451,24.77376153,3.034498642,3.0934104,2.260597948,2.218570812,69.14460902,76.53719467,171.2101013,144.6767257,144.4580198,160.8600931,128.8520002,137.3004592,23.3941172
1.822884615,10.65726496,31.3082906,88059.69642,15.23843531,4.52735513,1.188532693,24.6998628,3.028525097,3.087656497,2.25668534,2.208232544,72.33294773,76.28473611,176.5525914,148.5633697,159.6392224,210.5742145,106.1051117,99.02887957,22.57702
1.848465106,12.24224382,31.30604682,90434.79655,14.53225897,4.730863088,1.203175784,26.47930367,3.038634197,3.097976325,2.261766009,2.256448397,66.750084,72.93712239,194.910365,137.5123803,174.043842,178.7069348,101.9436882,140.3126722,26.648361
1.848433921,12.23958811,31.31679956,89424.1051,15.55033176,5.051758108,1.20421957,24.8382766,3.042953018,3.101709188,2.252378368,2.258483,67.04296892,69.2566865,206.6700459,136.1150596,143.2397265,159.7570398,115.5540776,158.4691822,27.3695334
1.846465651,11.8243848,30.16997128,90502.50133,14.56216685,4.93753858,1.198973317,21.5151676,3.042193437,3.10122701,2.248590813,2.244295891,66.7529029,74.17799683,200.977145,179.6648831,133.7050271,110.1913553,119.0873654,185.6926949,28.5758412
1.84743956,11.85693407,30.28243956,87265.34308,15.292613,5.109555622,1.198510301,24.49224133,3.03846134,3.097454753,2.280423252,2.243538907,74.7835316,76.12439623,204.1660785,176.8000087,183.6652475,106.489681,117.8592712,109.1877485,25.80226613
1.847855733,11.87124315,30.33339399,85484.86487,14.37793511,4.777437633,1.190251798,26.45936227,3.029049049,3.088026732,2.257611152,2.244733655,73.4072855,74.97256533,236.3922115,174.9037389,177.4837453,136.4294617,85.91116271,75.97019293,19.88388133
1.848513959,11.89334799,30.36865245,86762.79639,15.38702933,4.27254885,1.197850298,26.74557487,3.034203981,3.093410397,2.247419567,2.254222036,72.6750271,75.28932677,248.4868025,174.0411896,173.7391383,138.9363441,82.17537806,84.75380638,14.44961183
1.853698004,12.06147151,30.13249339,88947.85786,13.40286193,3.914899381,1.196017121,22.898135,3.037481185,3.096610896,2.258648062,2.251055309,67.12434502,71.41414584,233.6433754,193.724082,175.648625,148.2795424,86.18093751,83.16200095,10.75524993
1.852493987,12.0206229,30.03229678,87724.94993,11.32103506,4.062940549,1.20566113,23.34622073,3.039681527,3.098855342,2.274074391,2.242833579,67.04993139,69.84246875,140.2143354,163.4621077,172.8552543,196.1289302,122.4872211,93.18565215,15.27302887
1.851899495,12.00048569,29.98558788,87324.03388,16.35463466,5.25355378,1.198228209,24.66115327,3.042251013,3.10128027,2.326268613,2.276616605,66.60359,73.37260029,146.768974,177.5232774,167.9402524,193.8567846,100.2900332,100.9102546,10.78630353
1.851317624,11.98075499,29.93805963,87844.93814,14.65958495,3.967810729,1.196242297,23.4775964,3.031611556,3.090867512,2.251438387,2.215470454,66.74776926,74.69376303,169.4145687,162.9922073,161.4422382,181.9728636,109.0357445,112.0755847,7.54697736
1.850695046,11.95962241,29.88535594,87748.61395,14.302505,4.71722916,1.273615712,22.94857353,3.037347258,3.096320417,2.231720403,2.234617498,73.59353483,79.54003834,190.0492193,135.5339496,138.3183258,200.8288552,124.4178596,110.987174,7.749955467
1.850113035,11.93988696,29.83781626,86827.5699,16.03413227,4.168395593,1.202825388,23.25238033,3.037734203,3.097198086,2.259487316,2.26348332,73.59150403,79.18525062,206.0476248,124.0858545,121.5379386,232.7239064,117.7680688,92.00097024,3.70024356
1.849519115,11.91976918,29.79115412,87744.72994,14.66895865,3.942506088,1.187545697,22.94740093,3.03734819,3.096856754,2.282172461,2.269683089,77.14451533,78.88432999,212.8326466,126.5342106,135.5235025,182.8931292,129.0307107,117.8688453,2.705720557
1.849518768,11.91976901,29.79212464,86808.36356,13.43705927,4.638898355,1.304041315,22.68112973,3.038677668,3.097850979,2.26764738,2.236045858,69.36997801,76.74942277,254.2461488,129.89411,118.2982389,152.8572647,119.0832688,129.3460735,1.662063907
1.848936477,11.90002406,29.74456208,84521.58811,14.92358949,5.223436925,1.300971728,22.62717193,3.032372749,3.091680923,2.267059275,2.238289509,66.750084,75.91733323,253.5994496,141.9774188,113.5667385,145.6994154,109.6365448,116.6332383,1.400988933
1.848312876,11.8788568,29.69177377,82135.21167,13.41443398,5.215710856,1.310600718,24.818336,3.04173878,3.101096103,2.253783312,2.241226119,67.04887497,74.42077257,249.0562517,144.7126912,96.78420357,131.0476783,95.48746637,139.714846,0.824344072
1.847730445,11.8591071,29.64419976,81765.87359,13.36518204,4.250066018,1.310342052,22.99549387,3.040242065,3.099528322,2.261560469,2.2234062,67.04887286,73.9679529,243.426828,145.9170141,96.89035766,131.2169736,99.00596323,135.5709914,-2.29932706
1.84713667,11.83899423,29.59755053,84331.30814,16.36311799,5.634990142,1.298611309,22.02894093,3.037957979,3.097644574,2.305150157,2.252062756,67.05102775,72.77849771,244.2144772,164.2975566,117.1267195,112.0325029,106.9137706,132.7366689,-4.3619437
1.846554379,11.81924928,29.54998797,82375.69591,16.50900396,5.987579939,1.295153724,24.2165868,3.031053711,3.090271557,2.228694845,2.206392018,72.07152244,74.9125203,238.0761338,165.5380523,108.3310818,107.700862,113.2819285,123.9891116,-0.694741829
1.845930205,11.79806258,29.49715283,82939.25034,17.76990966,4.739375098,1.278175158,21.68290633,3.036010819,3.095286797,2.245320983,2.250566676,68.94259045,77.38662293,235.1708317,168.1432227,111.8086577,119.9480714,103.2775337,123.5035117,0.328040145
1.845347774,11.77831288,29.44957882,82129.00633,17.168963,5.773973614,1.301630428,23.7016392,3.035904645,3.094816323,2.225224588,2.222931724,67.23024166,76.99227307,188.2577451,159.7904333,114.2714428,124.2108644,113.6817131,144.3084969,-2.48035588
1.845347774,11.77831288,29.44957882,82937.49545,14.97050442,4.501486873,1.290176901,24.107498,3.035608483,3.095247918,2.274286629,2.27431002,67.22965687,72.13162196,148.8813988,157.4301883,136.4472929,142.7241892,112.9856868,145.8939239,-0.7162358
1.84662497,12.19994948,30.60601155,80139.09681,14.12252507,5.308808459,1.298081922,25.92799367,3.035837955,3.09552389,2.247782603,2.233651614,65.21999616,72.02160101,145.4623137,152.0435842,146.2134389,147.6193248,103.7414768,121.3599044,15.63983427
1.846449891,12.19751274,30.53638923,82427.71084,13.71394409,5.405103706,1.30404501,23.2195364,3.027864404,3.087430375,2.268300796,2.228657853,64.05310684,73.67293981,159.4270149,148.6479443,144.5960574,167.8364818,108.7436411,112.3874081,14.10905317
1.845820388,12.17623786,30.48334466,84990.04323,14.72729951,4.42300965,1.302514084,21.86002947,3.03715775,3.096467069,2.268450699,2.261512171,67.36050376,69.41976483,178.623261,151.7982792,150.0419876,174.8247893,111.4163838,103.9734118,9.053194
1.845222033,12.15587721,30.43609561,83207.98256,17.37979097,4.871417631,1.310420344,23.064701,3.035598529,3.094589309,2.303102632,2.262838899,67.05692219,78.42434386,178.0206734,153.4650671,139.2529588,158.0542228,110.6617708,113.6095482,7.7237935
1.844634797,12.13596457,30.38812909,82346.32801,16.36295048,5.727716103,1.296197973,24.16262887,3.036458517,3.095970588,2.230368122,2.205360625,67.05170772,67.86035139,176.7033035,147.7755018,130.135881,158.2598409,111.0121789,120.44315,7.201079
1.844604369,12.13410437,30.38792233,83129.27723,17.55301448,6.302448086,1.291457214,22.8781936,3.03394491,3.093450298,2.198480121,2.194766446,67.04563278,72.75016109,168.2745173,146.7246732,140.8147573,167.4831713,115.6248064,111.4843615,4.171795187
1.844604369,12.13410437,30.38792233,84552.48094,16.61825864,6.300632757,1.290508733,25.32976393,3.00538299,3.064814813,2.207353976,2.203753994,65.42179431,79.47456097,150.5096818,145.7569334,158.336889,154.2200949,131.2295374,120.6951064,3.053795213
1.844604369,12.13410437,30.38792233,91471.8576,15.98461872,4.250867898,1.296317868,28.46988503,3.061781534,3.119880859,2.137101985,2.249587239,66.83616134,74.55367992,223.0377824,148.7018497,150.9586855,182.4680964,118.0320813,120.084742,-0.751064955
1.844604369,12.13410437,30.38792233,86649.35006,15.71308894,4.404268201,1.297818044,31.61000613,3.057598601,3.116387486,2.262479575,2.251891688,66.18773117,70.98702122,181.8759728,130.8234909,129.7278758,204.4258954,127.1681872,113.5573393,0.855241665
1.844239287,12.11933799,30.41290323,84021.26759,15.14271813,4.689445575,1.299352343,22.81133307,3.053342972,3.112083272,2.301810009,2.268560669,66.18803635,79.19417593,162.9964218,115.7347791,125.9923888,217.1170372,132.2812359,103.9367749,-0.17195566
1.844367455,12.12452197,30.40413327,84639.9113,15.40639334,5.81751953,1.296153254,22.85004173,3.0485357,3.106879437,2.321255091,2.281015376,66.19471237,76.28707245,163.066861,115.5843255,125.059737,216.7116894,131.4754348,112.2271089,0.48583537
1.844367455,12.12452197,30.40413327,87420.17524,16.20929825,5.692503879,1.294808789,19.84598827,3.05508172,3.112946925,2.216266833,2.288341023,68.27385075,70.87902665,180.0971961,117.2615838,122.5219233,225.6589104,135.2919202,114.3932655,0.383305736
1.844367455,12.12452197,30.40413327,89479.7325,15.6623208,5.720566421,1.298161553,20.3351294,3.062755083,3.121255073,2.302389517,2.27502607,65.84779764,75.92391705,193.4717804,119.3523176,113.3927454,219.2654953,137.9401249,134.4543501,3.025784653
1.844367455,12.12452197,30.40413327,85735.08002,14.4754639,4.265905814,1.303850561,23.0693924,3.059202002,3.117878427,2.345668391,2.270553743,68.54077085,72.33362817,211.3725534,147.034163,130.0663501,201.8057797,130.6710276,63.5408396,-2.005594507
1.844367455,12.12452197,30.40413327,88616.36288,14.09930191,5.80983002,1.301689151,23.26528353,3.056536925,3.114167894,2.27496539,2.301628363,70.24598117,72.1605506,217.0547868,136.9627659,122.3759929,195.7469346,124.1697724,117.7631067,1.529539188
1.844367455,12.12452197,30.40413327,87243.93814,16.17371542,4.601129831,1.304048383,23.15854087,3.052983543,3.110162367,2.246128151,2.268147421,68.53605129,69.63364876,227.3627619,142.8882765,119.3977045,182.1398082,117.3378865,113.5469126,2.157398087
1.844367455,12.12452197,30.40413327,86022.21167,14.80620973,5.996721217,1.299598326,23.32627967,3.044722669,3.10321811,2.242677163,2.254602741,67.82433,70.65005296,228.5049477,142.2905317,121.2361922,176.5697491,111.7587052,110.701796,2.86441156
1.844367455,12.12452197,30.40413327,87869.82484,16.52523802,4.724723762,1.295403574,25.583132,3.057836857,3.116494574,2.255397142,2.2808999,67.64235187,70.45738824,227.346192,143.680073,122.1500663,172.9495711,113.2776404,129.3256638,2.189498973
1.844367455,12.12452197,30.40413327,90479.06638,14.57442436,6.201827916,1.295610276,23.2277476,3.054591074,3.112412339,2.292795664,2.285259565,72.16498423,68.91398982,227.4470903,156.3597615,129.9219842,165.5548199,114.8738697,140.0508803,2.13955122
1.844337117,12.12266844,30.40393142,90359.68425,15.78913395,4.633608998,1.297869926,22.85825333,3.050585018,3.108264311,2.308149823,2.294316768,72.16364058,75.26115516,228.9799517,156.8644349,119.6538568,183.1387866,110.071397,134.4681191,1.8710724
1.844337117,12.12266844,30.40393142,88912.80073,16.12517568,6.445717729,1.301924062,24.4418026,3.048129334,3.10635006,2.31031496,2.2897633,72.16147529,76.21465622,208.9888079,154.726142,127.6365093,188.1848005,115.3921586,120.3816384,0.470513408
1.815127976,10.33814583,30.20959524,87998.03506,16.67534336,6.333230289,1.302218036,23.281706,3.045476614,3.103804832,2.313640011,2.295734341,69.25403868,70.23593329,186.7061072,141.2245263,128.9652004,209.2689251,106.5528488,129.2723189,-1.522967555
1.815142942,10.33955033,30.21147707,84945.88667,15.07003684,4.417290365,1.300297209,23.3075116,3.042170698,3.100860513,2.287864548,2.267861541,68.18070892,68.13085751,159.5045066,124.6500144,126.4245847,222.3235938,123.5931104,109.8390067,-2.903915393
1.815293233,10.33964511,30.17943459,82372.08681,15.87501797,4.644893299,1.290247982,21.12925013,3.04724247,3.105435519,2.306413744,2.276150812,68.14327359,67.21127623,140.6388984,114.3216799,112.2061104,230.9973561,114.8808755,124.3661707,-1.389296533
1.815293233,10.33964511,30.17943459,84401.59714,17.44800982,6.522080246,1.307499899,21.6266028,3.045128412,3.103628569,2.337444197,2.303649554,68.94298664,71.82018665,124.0939923,119.1942269,115.900385,233.1332523,116.1954065,145.5697133,-1.198515248
1.815293233,10.33964511,30.17943459,84396.84481,16.42917744,4.518274631,1.307276312,21.64654327,3.044044973,3.102741316,2.278927463,2.24745252,66.60359,69.7840716,124.1510869,121.668618,114.4805843,227.5578787,117.5048856,148.7607664,-1.449370458
1.815293233,10.33964511,30.17943459,83125.59609,15.36839686,4.297999465,1.313720331,22.3292292,3.036449665,3.095566431,2.310800784,2.275842776,64.38593535,63.377552,124.5300685,117.3148442,111.4447279,227.3620507,119.9649978,140.8164384,1.013585101
1.817633794,10.89075466,31.67897174,82374.39722,16.69912745,4.518536585,1.310632028,20.3386482,3.043537734,3.102399416,2.264629708,2.241123131,66.60359,68.88167962,124.1212185,101.9681994,103.3420208,229.8295255,141.8986153,132.8700216,3.577063287
1.817633794,10.89075466,31.67897174,79759.71123,15.24526037,6.124702047,1.30512706,23.96791087,3.042577666,3.102072959,2.292562369,2.277716442,66.60359,71.59044196,124.4016193,104.1435002,104.5698664,236.3363129,115.8175676,123.0185824,5.7817394
1.817633794,10.89075466,31.67897174,87423.73068,12.19196514,4.655242348,1.300808785,30.069857,3.043008633,3.102231872,2.349711927,2.31194806,66.60359,71.73912724,148.3984198,130.8454107,127.7372475,215.4120608,131.5220124,134.5210568,5.834824367
1.819985119,11.12459821,31.40091071,88317.66621,12.49011322,4.431438464,1.290380848,26.603642,3.044957903,3.103541382,2.346775521,2.288407725,70.61383286,70.89844471,185.4969809,127.8745825,131.4217174,220.2079341,127.0144555,112.5408751,2.724984233
1.823333333,11.44160714,31.00930357,90665.28713,11.68494129,5.662735005,1.300978806,25.5362118,3.041313176,3.101124216,2.276769819,2.259642896,70.33930357,69.23555984,192.0779917,116.2404834,110.0343286,222.6577632,112.9561435,174.6576842,7.315097127
1.826681548,11.75861607,30.61769643,89244.32917,11.71721777,5.696820932,1.307895339,23.16675207,3.040531344,3.100468612,2.323260601,2.303011251,70.60762,71.15154374,190.9205333,117.9306775,116.6388221,220.7213648,113.1792576,155.3845325,6.84035874
1.828307509,11.91406436,30.42711561,83838.10467,12.45478378,5.962676372,1.304083307,24.46408947,3.038386853,3.09834442,2.353536444,2.297634495,70.61093186,69.42657683,191.4559753,116.5575675,118.3095293,223.2442147,112.678008,99.8851272,5.907670493
1.830840286,12.1538677,30.130882,88828.75283,11.15267533,5.862919352,1.301042987,24.4852038,3.037665825,3.097329291,2.3677763,2.293299983,70.61144258,65.39584086,197.1468266,117.6894644,116.5806311,230.0060414,116.6567704,133.914551,3.72161192
1.831659714,12.23145113,30.03504172,87800.34969,13.17689816,4.17264017,1.297851191,23.13977233,3.039521448,3.098929459,2.322787793,2.25423102,68.82096303,70.11141363,216.5731528,119.9455721,121.1954413,225.7212917,120.8406697,102.116869,2.675493513
1.830140006,11.76102175,28.4517188,87866.71039,11.13549252,3.99592739,1.293800038,25.48342667,3.033969379,3.093374743,2.317112763,2.227123098,67.04463536,71.02342805,209.7463949,117.2201453,117.0082156,214.9051504,116.7881243,129.3944704,-2.371533313
1.831852845,11.92319333,28.25138517,93603.88961,10.55065469,5.718768548,1.302634746,25.98781747,3.0439692,3.102945909,2.277373023,2.284294031,69.13198376,64.88801342,223.5268061,128.0909389,131.8703085,199.3149368,146.2765553,135.0850092,-9.722949087
1.833491212,12.07831397,28.05976169,93856.44008,8.665768832,5.699963917,1.310998481,26.08048373,3.04193208,3.101643348,2.351976015,2.313891204,69.75293184,65.38649094,228.1399284,115.449833,116.2738184,196.2786017,152.960096,158.4024634,-14.0324784
1.834374628,12.16237939,27.95687314,90181.60855,9.050582397,4.026080711,1.307402479,22.7010704,3.041422533,3.100667148,2.36759341,2.309885664,66.19964172,67.0503928,228.1033126,93.26590909,85.89398354,202.2740564,151.836967,170.252457,-17.19698167
1.836023235,12.31804587,27.76361632,90753.56802,8.720026724,5.663076093,1.291443389,28.363142,3.037732151,3.096719185,2.334101502,2.295230381,67.38629988,68.79760335,218.2655155,100.5783472,96.81800869,195.455665,168.6295228,155.3916534,-20.53199127
1.83811071,12.50156438,27.50493983,89947.11899,10.52305637,4.278721684,1.289639144,22.64007467,3.039778462,3.099171767,2.357880497,2.292320759,65.32975296,67.03050855,228.7970005,101.974814,104.4557103,208.9594961,150.9608377,134.1250357,-22.603579
1.839765343,12.65822503,27.31141396,89981.33857,9.325870133,5.508694451,1.297315884,24.3808064,3.041686424,3.10078524,2.309840157,2.322306654,69.25169939,68.21413226,215.7742061,96.10951359,93.54458773,194.5317677,163.4891499,163.7067656,-26.28715263
1.839765343,12.65822503,27.31141396,89594.68748,9.276195454,3.875903618,1.302093144,25.80952067,3.043469627,3.102428201,2.311676263,2.319072658,69.24980763,68.10250485,216.3752036,88.99467242,92.52312547,186.2891594,172.1407125,166.8980825,-29.97072626
1.838967489,12.58266406,27.40839253,89224.15527,9.774429055,5.665771175,1.302901832,25.93033973,3.039862077,3.099424262,2.323850135,2.302979525,71.07580941,68.44101183,207.4409424,88.26696002,94.82623818,199.8455656,168.3507756,159.2783327,-33.65429989
1.838967489,12.58266406,27.40839253,86886.21824,9.984240596,5.996869776,1.30163861,30.25871067,3.041094644,3.10052891,2.307661335,2.289944768,69.60448049,69.87652688,184.232446,85.98675828,95.26726832,227.9349543,158.7649522,138.2041084,-37.33787351
1.838139675,12.50428657,27.50521373,81883.43078,10.66742403,6.314157565,1.297252203,29.98070887,3.045618339,3.103618438,2.309987809,2.293344204,67.83957156,67.12866599,139.6289853,82.6933885,96.27713146,239.7688824,150.2706309,123.6778465,-41.02144714
1.838139675,12.50428657,27.50521373,81519.21093,9.131897796,6.100606647,1.307663684,35.09733393,3.046949309,3.105114585,2.33909203,2.321455982,66.75775493,65.01027067,116.4197806,90.50902807,85.94985105,235.407698,149.2437596,146.6846615,-44.70502077
1.837247817,12.41941283,27.6090816,79958.62767,9.544864887,3.568375609,1.293528454,25.5901692,3.042669029,3.101546344,2.315764328,2.329183239,66.611246,63.20967326,107.6782772,81.97106619,84.07654718,232.4744986,148.4106214,152.5577068,-44.05947025
1.836419753,12.34101174,27.70593195,84569.83743,10.23588282,6.098500314,1.303806659,28.19188467,3.04745056,3.105323278,2.256690109,2.27961191,67.70680016,63.27985874,148.2090034,82.26499077,85.19400091,247.7128912,154.2935287,142.7825243,-43.41391973
1.836419753,12.34101174,27.70593195,91684.08565,10.71701982,6.201586491,1.300034575,24.35500067,3.052631533,3.10970107,2.297016667,2.315800252,70.93791261,65.53374221,234.8756788,89.88294202,88.40333629,229.3969925,154.6882324,150.3268537,-34.00792513
1.835821162,12.26423845,27.91191058,94686.94872,8.830151867,6.279036604,1.298688047,27.36374567,3.046675995,3.105250505,2.316361382,2.297503872,67.92862122,69.55688217,252.2381999,98.49144164,90.16716556,201.3558119,162.8745236,175.5761237,-27.146739
1.837645306,12.32980626,28.07263785,98558.18343,9.155809616,6.501595717,1.304813324,23.68404447,3.050553932,3.108773139,2.3267719,2.302026471,68.52959923,60.83009716,258.2898469,104.1795102,98.50306712,180.4583621,187.4382003,190.8669548,-16.36854413
1.83863826,12.31717521,28.33075685,100597.523,9.814242974,6.600725155,1.303622538,25.58313213,3.046023468,3.104596152,2.337044262,2.305327874,68.51919332,65.75179069,269.0309798,132.6642476,118.7865692,162.8634339,172.2005476,186.4835016,-10.3193238
1.838935917,12.27553204,28.53781818,99178.98518,9.887579108,3.648737976,1.294448906,27.10803147,3.047682212,3.105915981,2.322412049,2.292339047,68.52534884,65.48727731,269.6074359,153.7575369,132.5405652,162.458645,145.5224481,164.5535375,-6.356883933
1.84076006,12.34109985,28.69854545,94805.08906,9.53283,6.562124317,1.298153792,28.80536267,3.044427699,3.103381077,2.335370955,2.296913506,65.98093513,65.92044181,269.6263952,151.0427181,115.770075,162.8107231,133.4366435,152.3531443,-0.6809154
1.841752086,12.32846544,28.95647795,96217.26081,8.384034649,6.565894951,1.290459005,25.6453008,3.047499402,3.105871512,2.345494441,2.309022718,68.25596009,64.58828168,265.8090068,148.7755652,138.1833294,167.4239975,133.0683995,145.174927,3.998266007
1.841293206,12.21571216,29.25212753,99742.71423,9.284944467,6.5175799,1.309311369,27.3614002,3.04576286,3.104273093,2.313283135,2.288081075,69.22690927,59.90767777,249.7239951,164.8248637,166.635796,174.4296004,134.6911375,139.5790811,4.84496812
1.840813468,12.09783373,29.56121573,101322.3382,9.707519219,6.895289386,1.301756893,29.59361893,3.049098589,3.107065677,2.338988608,2.343148561,69.05199443,60.41268923,257.8140914,173.3520818,167.4992353,172.3135539,132.2448624,143.8481441,6.062178587
1.839764601,11.96387366,29.80488081,101702.607,11.07027544,6.640610037,1.298154152,24.41365067,3.053112441,3.110921426,2.378366604,2.358205409,71.63825781,66.12249163,267.9900422,159.5488191,152.0812175,184.3612096,136.3424907,152.3012003,5.65200234
1.839472429,11.90091207,29.96038152,100251.1313,10.16313678,2.995062043,1.307735594,25.5831316,3.04498076,3.103110744,2.333636152,2.297105452,70.62692881,67.31479704,263.4361728,155.9381442,146.6948518,206.084287,135.0732711,130.5002529,0.200536102
1.839055423,11.78961859,30.2617938,95523.31589,9.545701784,2.841493868,1.298202495,26.59660373,3.045748829,3.104207416,2.301539398,2.284395607,63.80458291,66.8558194,261.5995381,140.5472333,144.7159923,221.3052133,118.2325289,104.3892411,-6.928147287
1.837943368,11.64899851,30.51329955,91587.83857,11.9487735,3.051618871,1.049794409,26.0804838,3.044955362,3.103400056,2.341317498,2.299975081,67.33701006,66.92283482,237.0369809,89.27981805,96.94919744,214.9927887,147.5697352,161.2402098,-8.3945973
1.822366985,10.52560709,30.90601637,89306.13583,12.44227296,3.083848072,1.003849022,28.319741,3.046465455,3.104695511,2.364157549,2.32106868,67.34512005,65.44687588,187.5677448,71.57530655,73.15144665,210.5932767,186.0397492,185.8895476,-12.47997793
1.821817872,10.39068213,31.25980218,90692.74833,11.39311964,2.522065147,1.100076867,30.0493294,3.070383674,3.127624033,2.062661804,2.370689501,62.64683521,61.18372558,180.7883077,97.03912304,112.4069367,206.9763125,197.3235985,132.8133556,-19.82534353
1.821576792,10.32775427,31.43199317,87675.87249,13.89649319,2.440222007,1.102383794,31.7789178,3.060823609,3.119648669,1.777989504,2.344992247,59.65153577,72.1933925,206.8364745,79.93269385,104.0763968,200.2399317,177.0554128,134.5992193,-17.72691187
1.845643125,12.05823269,33.11509382,86830.98224,15.23359654,2.241003256,1.098617605,33.60527873,3.063056082,3.121840083,1.855826919,2.350106031,71.28412818,76.5317684,197.6232171,95.4930801,93.56148286,176.7825672,162.4105551,166.6047621,-13.818062
1.845047782,11.92159727,33.46359727,83266.52115,13.58881055,1.991586581,1.105963772,25.47990767,3.068523935,3.126578723,1.955536723,2.386513886,66.56950214,78.48477829,192.4055265,92.80035077,91.60524434,164.665725,156.378283,158.5898729,-6.8307247
1.844831116,11.85871034,33.63825998,74270.88916,13.40090538,1.805547696,1.095838002,26.6681568,3.058230975,3.118602397,2.259300157,2.385801857,59.98355352,77.24890498,192.1537736,98.47135263,90.61819711,131.7401543,128.1614085,126.9899925,-3.078625507
1.845506653,11.88299215,33.69778233,72218.35341,11.66770304,1.671842819,1.098478726,26.7150766,3.064594084,3.123459927,2.467327874,2.389161084,58.99996843,75.16937369,192.4867128,121.9883243,78.07245906,112.4398875,113.516109,129.6822223,-8.160198927
1.847594678,11.95804504,33.88176049,70174.4087,10.4002516,1.790511026,1.097402097,26.4523252,3.05674281,3.116623739,2.484593088,2.381614768,58.45183521,74.32738444,193.2581945,79.5204508,90.28181054,112.5495371,99.69561485,152.7608437,1.108677388
1.848270215,11.98232685,33.94128284,72998.66052,14.13983418,2.066851163,1.10428891,28.99890847,3.070145447,3.127493656,2.41160508,2.372886829,66.56128148,81.35586896,205.2891694,109.5100452,88.56014628,112.8380991,97.62883632,144.264939,-1.2067469
1.84840081,11.98794197,33.9945614,76295.18046,12.50093846,1.906025986,1.096043486,28.15082893,3.069608118,3.127376809,2.468267342,2.371084102,66.79651686,75.31506338,205.2006449,112.0498794,99.61159433,104.4613187,106.6334848,162.5831957,1.152110956
1.849780776,12.03757167,34.11740304,79671.23586,12.89278441,2.118353369,1.105883221,35.077394,3.06828781,3.126358326,2.47471139,2.364070083,66.79891,72.32855487,196.7717474,121.1627971,110.9002067,125.6234004,117.3307371,150.3031361,-2.914586093
1.850465587,12.06215924,34.17649123,82140.38908,15.20383823,2.44870537,0.992761297,25.74383373,3.067016784,3.124802721,2.457895204,2.355979677,57.87713121,68.7477235,172.2177588,134.7993233,119.3721854,147.3518733,131.6791588,136.0695277,-4.362378047
1.851117488,12.08574612,34.24094531,77221.20001,14.99829658,2.881226413,0.905180571,24.597813,3.056302179,3.115553009,2.4678967,2.341006432,61.74163974,64.27069012,121.0116854,111.7566956,116.8271395,183.9735929,142.9706459,106.3095453,-5.117138107
1.851785955,12.1097738,34.2998447,73298.14367,17.14712781,3.184507822,0.904079695,28.0781026,3.046069258,3.106037999,2.425262348,2.312919009,57.14232425,64.64693532,91.22835979,85.71830451,121.8733453,189.4788265,143.4119302,106.5147173,-4.205924107
1.853852127,12.18404119,34.48189737,84190.10016,8.688314427,2.046180109,0.796410069,25.36729967,2.993594296,3.049879819,1.854443941,2.300863488,57.74102,63.31010528,98.03548805,131.084001,129.3888188,220.2921862,148.3552305,119.48326,3.727801707
1.854520594,12.20806887,34.54079676,84713.80167,8.821552942,2.153564704,0.802984994,22.134512,2.982415891,3.036271856,2.453024572,2.302072454,64.57284214,66.47740257,130.6298957,134.1535842,141.1259497,193.6743273,133.9045238,124.9240964,1.702133485
1.855231185,12.2336382,34.60465744,78400.78957,8.07393471,2.610377602,0.796667169,22.81778484,2.976078996,3.028948079,2.477202358,2.289664226,62.95905801,68.40600236,142.0521993,126.4221346,131.9958653,145.6988654,130.4017994,122.1646779,0.271117977
1.855918298,12.25830858,34.66395003,82529.8577,9.206547458,2.850410859,0.795642557,23.50105767,2.988251429,3.043864218,2.11252143,2.338125963,62.36654092,63.9725918,122.1546012,134.81525,127.448496,208.4436352,132.25714,110.107621,29.74578027
1.855918298,12.25830858,34.66395003,85054.6531,6.488188841,2.514998435,0.80117988,24.11829,3.003927719,3.062547311,2.126902524,2.304881116,65.32046225,66.2930392,133.7773547,115.879692,139.5119601,247.047784,117.8990102,108.2933026,29.694662
1.856797696,12.28961369,34.72763131,91542.91466,7.131401619,2.80594439,0.801496055,24.73552233,3.003475861,3.062234798,2.446703328,2.34224567,63.62705902,61.70979486,152.7321086,113.6737978,124.9470376,245.995962,149.1472921,143.3758107,23.5102792
1.860126843,12.93922866,36.44693178,97644.22755,11.79076303,2.314573088,0.81465684,25.35275467,2.842607495,2.899373365,2.224442165,2.189673535,62.40203626,67.28120916,192.3961665,103.9258434,110.592908,245.2131444,176.1544161,169.5018302,17.4959382
1.860805622,12.96362701,36.5067398,91754.93262,16.37905473,2.492802599,0.961430874,25.969987,2.834706011,2.891354792,2.197348614,2.18291093,67.38645791,75.86605599,211.3073422,94.28149173,82.05534939,183.9983269,181.4834029,190.6688488,19.0745434
1.861525017,12.98933173,36.57091158,85664.33705,12.9563922,2.261060795,0.992417203,26.58721933,2.700956283,2.758258603,2.055241052,2.029165528,58.02426858,65.83914494,223.9939615,108.267773,117.08784,145.9414335,149.8630475,141.1424984,5.60423152
1.861525017,12.98933173,36.57091158,88848.33721,14.55402844,2.428024856,0.999788943,24.98372873,2.699242077,2.756149932,1.996711053,1.986983999,57.54835655,76.07474638,222.2344966,103.0132898,97.62094406,168.1949182,160.9150426,165.3303467,4.80351196
1.862224889,13.01464176,36.63179294,90236.61631,14.09432917,2.847286429,0.997525349,27.01067273,2.712251596,2.769344025,2.043065142,2.013280461,61.72399562,71.72642274,214.7793267,113.3890186,120.8167813,169.7163148,156.5727986,154.4630757,-1.2841887
1.86292524,13.03996914,36.69271605,82577.95218,14.36631403,3.044969668,0.996757025,24.50045253,2.711070455,2.767600524,2.02709838,2.011029641,57.423626,73.99042432,196.423441,90.81362856,99.84437349,202.7902791,131.7604734,128.7738151,-4.510591887
1.863604252,13.06437586,36.75254458,77051.55123,15.42277282,3.504151885,1.00324539,22.31632593,2.697041148,2.754497951,1.9823539,1.956371389,68.44101324,78.85099094,193.8563034,92.09297622,86.70501181,172.2220518,125.3591142,125.6898389,-2.864822653
1.863581837,13.05825483,36.77774992,69081.26771,13.80169956,3.56025754,0.996927283,26.30452647,2.712394702,2.769494233,1.956581721,1.955053888,68.43471,73.36132614,137.2484023,76.62415462,79.40216277,160.2884556,130.1350484,122.7152607,-3.630904433
1.863581837,13.05825483,36.77774992,67967.29173,13.16693099,3.78949535,1.002394517,24.22010593,2.70197051,2.758610272,1.923772255,1.940876947,68.28548141,76.0448649,100.2763683,72.03592251,80.42628249,182.5896868,139.9736729,112.4478326,-3.151725427
1.864274576,13.08330508,36.83802034,66913.10284,14.85211467,3.971470469,1.001991755,24.18726147,2.699207961,2.756244729,1.966496109,1.941220989,61.60765468,63.27725394,92.29244543,89.32673579,93.59511555,183.5091487,121.2954472,95.70485308,-9.924269633
1.864274576,13.08330508,36.83802034,62706.32567,14.42526761,4.269617637,1.002247935,24.4570516,2.710372883,2.76698195,1.974190248,1.944117103,68.33316546,71.30477813,85.26272254,68.50321495,78.99566364,187.4204918,116.42312,96.46512436,-10.5013735
1.864945763,13.10743051,36.89715932,59338.92061,13.40910912,4.407342092,1.01358852,24.82185427,2.704663719,2.761489626,1.954026264,1.916018957,69.41590498,71.0755684,75.93578568,57.73256702,77.62472288,191.3220512,107.7742885,87.82960383,-10.50863467
1.864945763,13.10743051,36.89715932,60596.54072,15.03172575,4.36850985,1.004116472,23.96087273,2.71301314,2.770034788,1.977217594,1.955996119,62.4897,67.0746574,92.84841611,73.71041596,70.86849843,176.2940024,110.6315188,89.69003423,-9.848210067
1.865877966,13.19569153,36.78812881,60431.995,16.98198481,4.867893371,1.002054254,23.83888007,2.707859459,2.764373636,1.942482876,1.904638453,60.43451169,61.93449303,105.5882678,73.18753583,68.32709609,158.7529426,112.5302272,96.64050668,-7.884210827
1.865877966,13.19569153,36.78812881,63068.00503,16.32992615,5.327765893,1.005625689,31.5020902,2.703973664,2.760705234,1.908753027,1.894090668,61.15147315,64.2572908,88.25178406,70.69029683,89.10040755,164.5318956,116.3281394,108.4445138,-10.79180143
1.866810169,13.28395254,36.67909831,67202.69169,14.04736185,4.737799583,1.00570917,33.70733,2.714805946,2.771771675,1.942649651,1.903914159,69.55263954,67.32674736,80.50531511,63.12116697,105.4269201,165.3710246,153.1052185,108.9683946,-8.618943133
1.867133175,13.35508641,36.49997967,67096.79011,14.04670824,5.044059831,1.003278927,24.57787053,2.709827244,2.767052035,1.94407786,1.935031838,60.98663329,61.48028211,101.175873,75.47160009,100.8273077,148.5972537,145.0526632,108.2629268,-7.461410713
1.868088136,13.44437288,36.39198644,66612.33734,13.60674652,5.215097847,1.009548117,25.3790294,2.703398982,2.760388117,1.916118502,1.915657942,59.39827829,60.74431917,110.6341735,80.27491645,105.0173814,144.2833272,136.3001021,100.1496795,-8.701877367
1.868111224,13.44542896,36.39298745,69267.19892,13.20064324,5.030581468,1.01354329,24.207203,2.716288255,2.772978851,1.9802467,2.006118933,69.60759937,66.54484966,115.5242125,73.3223868,97.51172265,147.5603809,143.1025559,126.6263979,-9.043031067
1.869043744,13.53371991,36.28391997,66457.76516,16.21475041,5.552241958,1.008958295,22.5720406,2.723464648,2.778700258,1.976264955,2.015777933,67.09189,68.23662793,116.6252986,71.5015954,99.49781289,152.4005611,131.1963242,104.9075245,-7.648159487
1.869976263,13.62201085,36.17485249,69439.1184,13.04916985,4.097781655,1.028978401,24.70338153,2.740688695,2.795677266,1.998179184,1.918147045,61.90044813,62.671029,140.3581271,85.2767524,122.6082412,141.465311,139.1856458,81.70670194,-18.77355187
1.87111797,13.7322668,36.02564472,68277.56965,12.68179494,4.785570972,1.100095189,22.43714593,2.73298008,2.789306233,1.967427657,1.900955943,60.15198148,64.64743881,137.2882671,73.83450034,115.1720988,138.7732902,135.6071338,97.64749861,-21.3975688
1.872061043,13.82155693,35.91534294,68144.54281,13.62008237,4.894122072,1.099125358,33.08329473,2.722760858,2.777906518,2.010021374,1.983575294,70.18225936,69.69021478,137.231132,75.21226418,79.14412377,155.5803938,134.9693576,114.8778431,-20.66201007
1.873004115,13.91084705,35.80504115,63018.82088,12.90642518,5.447586145,1.101568806,24.91100267,2.714341776,2.771650676,1.965771813,1.979880962,67.22774027,67.16700685,116.9643337,72.96229584,73.09645445,150.3936635,135.7378756,93.36335152,-17.17783
1.873231561,13.97476158,35.63022298,61009.84869,12.87414324,5.866895532,1.163077017,24.35500053,2.709184841,2.76634546,1.949404263,1.981975348,62.96819015,70.14096896,89.68582724,81.53285544,73.64691087,148.6400494,128.5103963,95.26275412,-19.1949444
1.87426072,14.0722024,35.50985249,62698.65322,12.1033812,5.903871737,1.197858028,35.99937253,2.704442034,2.761412424,1.928145336,1.953239634,62.83281446,61.94610949,72.49382204,76.85423776,80.47120598,157.2477287,131.3216793,112.1579123,-19.8839312
1.873556241,14.04651235,35.44931413,65842.36901,11.39373564,5.657686317,1.208841279,28.46167427,2.710964483,2.767606128,1.967579485,1.991508825,67.39785636,67.55823973,83.08415601,69.82042295,79.89978607,167.8084775,159.1702922,103.6688008,-16.24512183
1.874524871,14.13710806,35.33966381,65054.89131,10.69888449,6.086449791,1.19734738,27.20187133,2.710232182,2.767071849,1.959800818,2.024097576,67.39423571,67.55737263,76.87754723,64.35391301,73.86758168,186.0459867,153.507113,99.84016085,-14.38096287
1.873665649,14.09321465,35.31776195,65033.60536,10.93087252,5.739420888,1.195078416,30.15783127,2.707340857,2.764289913,1.958840612,2.015224395,67.39088901,65.25751415,76.01560603,61.69463647,96.05789437,190.7872754,134.4920278,94.96699965,-15.55473477
1.873926755,14.15737199,35.14953544,65716.34324,12.04594213,5.92230018,1.203192122,26.94381153,2.722758793,2.779174337,1.981618174,1.977014643,61.72376703,64.16794801,74.86977246,68.70427667,91.64468944,188.9629762,140.2848907,96.25973627,-13.47990227
1.873926755,14.15737199,35.14953544,63618.82098,11.07730785,6.068742394,1.197055673,26.6963088,2.712845117,2.7707573,1.981864516,2.03724491,64.76747806,67.18909349,63.81912908,58.77868188,85.51950721,193.7670375,143.0622631,92.80480718,-9.9083229
1.87418786,14.22152933,34.98130892,62713.7576,11.10508193,6.247537521,1.206804363,27.8528872,2.717999051,2.775661897,2.008356638,2.084124861,67.16657632,68.04708485,58.19077365,58.0038223,75.22572578,190.3836513,146.9376401,99.06596235,-8.07855
1.874180523,14.22095691,34.98310146,62342.26656,10.91947854,6.511171004,1.2085811,25.05528133,2.724371722,2.780589364,1.970171671,2.041086077,65.45484911,68.15300478,58.92174398,68.907704,81.92988065,185.8370057,146.6060915,82.15626631,-4.840067873
1.874726841,14.35519511,34.63111639,65555.25173,11.1028078,6.367661351,1.207112764,23.70281273,2.730009134,2.785749457,1.970563886,1.947480776,61.90202048,62.24717456,69.98246803,79.83047856,95.61644495,186.6032944,138.1137811,87.92881989,-9.799358267
1.875659993,14.44354598,34.52197489,64686.71185,9.423862688,6.914833355,1.198384299,25.266422,2.722834169,2.779351264,1.968548521,2.008458032,63.1775909,64.11884175,120.4011878,81.51079646,111.5015545,145.2057601,110.4628352,90.49882535,-10.20645767
1.875659993,14.44354598,34.52197489,64625.06977,10.43946514,7.388762076,1.195548026,27.20773647,2.717670032,2.773735133,1.937579926,1.898022726,67.72505838,61.22782492,125.7993743,79.03982264,110.4253177,147.9576296,122.3622112,74.49165579,-4.801913873
1.87328809,13.88894808,32.67102816,65013.84794,10.27752391,7.841730198,1.201335942,24.4523594,2.706457473,2.763515505,1.974275055,1.946796427,59.15838074,66.09823655,128.2183823,90.44932366,109.072331,138.0140825,104.8806774,93.62368271,-11.045383
1.87328809,13.88894808,32.67102816,65807.49781,11.15316014,7.806232159,1.203473336,23.877589,2.69561733,2.754288014,1.950840799,1.970516146,58.73538377,67.2081856,109.5850828,92.04933824,113.5065993,160.1268547,103.7425377,89.40151145,-22.2230994
1.873609227,13.95994912,32.49308684,65485.9413,9.404974442,7.137666513,1.200023953,31.03406313,2.708496732,2.765955555,1.937978498,1.995553019,67.56306632,70.54605896,106.6622265,77.13825691,92.77193826,169.3285682,116.4150444,102.4465838,-27.04923127
1.874468085,14.00230268,32.48203844,68344.00726,10.34882166,6.528654915,1.197626861,30.63172387,2.730805078,2.786601431,1.968457129,1.948059272,67.75918042,68.79671987,117.4405188,68.6735001,77.95606878,200.7620222,126.4605852,103.6644494,-28.252447
1.875411805,14.09165408,32.37166095,71834.49805,10.1365726,6.188231533,1.19619775,26.67666103,2.800231986,2.857636066,2.055951485,2.034827776,67.95739665,67.54466426,111.6220589,61.45988359,98.33918249,202.9876387,162.626789,91.08969388,-29.556607
1.875640233,14.15567456,32.19554411,70945.27417,10.69641629,5.802114375,1.200014683,22.72159819,2.707931478,2.765529505,1.951257135,1.865471197,63.95571433,60.00300327,116.0082437,89.39642379,106.1408056,193.4778716,123.2067566,91.98856995,-36.37879533
1.875640233,14.15567456,32.19554411,68323.41325,11.44860703,6.291821468,1.200390956,31.22643527,2.736627207,2.793542976,2.001180941,1.918474191,68.28424121,69.48677812,117.9925926,65.9828082,70.25536688,193.7995176,138.8312055,108.0184694,-30.564018
1.87625472,14.29370065,31.8448953,70867.63334,12.51106017,6.406735484,1.200947772,24.455879,2.834271896,2.892660378,2.099334883,2.124738385,72.42202781,75.6711264,121.5056186,92.51171118,95.63847021,147.9800402,125.6008067,137.1974617,-24.2342
1.874534844,13.75706145,30.03223481,72842.33428,11.29248501,7.442853732,1.197740219,25.98664353,2.838241651,2.895872492,2.074494887,2.110940531,68.09263764,67.7585153,135.2892101,100.4901653,85.37898853,128.7167857,147.8738043,144.8890654,-15.3285142
1.873855132,13.73262959,29.97234466,73288.52252,10.60649231,7.544103804,1.194922303,24.5497184,2.825413464,2.883393828,2.066853722,2.120303851,65.2831148,71.00740115,171.122205,104.9036532,109.0153784,139.5217706,123.5367756,106.0463082,-13.1161714
1.874799176,13.82201167,29.86192928,79222.09144,13.94740907,5.568231449,1.196299258,21.74507507,2.828127118,2.885574345,2.042236424,2.02194349,64.26499183,68.2864478,180.690288,133.667873,120.0213423,109.7486014,133.8845746,136.6670212,-14.7418952
1.874083104,13.79654876,29.79534341,80870.85823,13.0155544,5.752713872,1.199065274,25.56436347,2.835551098,2.893389253,2.049835026,2.020337297,67.02810479,73.33081773,189.4875141,139.6673107,124.0104585,123.6152083,122.7155131,132.8662288,-19.29362893
1.874186757,13.84611545,29.72696774,79386.62293,12.55624861,7.703272801,1.199533328,27.16198933,2.838768563,2.896224335,2.058879197,2.025549121,63.13405535,70.46226866,195.9669366,144.5281943,114.9080172,116.1995498,117.3325142,130.229096,-20.00765433
1.875179905,13.94133741,29.60912424,77362.58513,11.46845249,7.966152188,1.194916919,25.3696452,2.843599697,2.90086777,2.084270816,2.040435543,60.65344186,64.69367076,196.8733693,146.3114026,118.0565395,99.44222396,109.9667535,128.8661463,-19.26909807
1.873403159,13.77210852,29.73543269,81042.102,12.59144595,5.16033552,1.191246257,28.17663507,2.842913983,2.899971682,2.058029161,2.010069991,65.35359494,70.29522989,195.8655087,142.4096111,118.9058798,99.37341908,121.8032066,156.9631435,-22.5290272
1.873667582,13.83708104,29.56506868,81483.6311,11.53618232,7.462702402,1.197175116,31.7378632,2.844695917,2.901153313,2.065726141,2.029502893,64.38184574,69.38720625,196.722999,128.975291,107.0785931,103.1143197,131.6012863,172.5339004,-22.9793518
1.872987637,13.8126408,29.50515797,82474.62801,12.5103562,7.67126417,1.199753196,25.9772596,2.830194417,2.887805343,2.052922632,2.043153784,71.24521952,69.98043267,194.5548523,110.9140259,134.5444938,133.94905,145.102202,130.0334832,-17.12456967
1.875964019,14.13400543,29.10393075,86896.40802,11.95296614,7.909148629,1.200616775,27.04586287,2.831750381,2.889073471,2.056043076,2.058914081,68.69211015,68.88179843,195.881193,153.2502787,125.7919446,149.9560294,130.6257971,137.4461324,-18.69227153
1.875256367,14.10893379,29.03783362,90001.19536,12.86683572,8.039927795,1.203699175,32.2692332,2.839725765,2.897157804,2.043306084,2.056693874,66.18323044,72.09273131,196.3633071,173.3365036,123.6771841,131.6547112,128.4823068,170.2657511,-21.3510546
1.874220467,13.97293269,29.20885302,89006.62682,10.97884874,7.668421108,1.198642399,26.7948406,2.84111392,2.898594999,2.029963938,2.065163729,65.32622606,70.04744207,191.6790642,158.2522712,95.54973748,152.7258999,128.5829738,186.0767922,-25.25734633
1.876109203,14.15175824,28.98794643,88793.01907,11.03278748,7.789895623,1.199668253,21.98319407,2.826183473,2.884237334,2.028638406,2.059445591,66.72567,65.10850629,188.7910428,156.4368007,105.9932748,168.0992004,128.8759414,162.0395367,-28.32522547
1.877290522,14.25303915,28.87542239,89231.0877,14.90492879,8.314209794,1.183275089,23.09519913,2.820321913,2.87894929,2.068078339,2.045874879,72.02311893,72.04936034,193.5072743,127.5706442,114.6122741,165.9468849,151.8885414,161.9195653,-27.5030408
1.879945074,14.39997597,28.90845863,83979.55968,16.13415365,8.63608138,1.192824223,21.32866013,2.815317966,2.874142263,2.089543336,2.097294058,69.26481,72.29641158,142.8045347,89.63218431,99.33261364,191.4709964,171.0863774,159.2426761,-21.25342073
1.881067995,14.4945261,28.80441964,75134.99274,15.33582944,5.456054391,1.199031212,23.01543427,2.817973298,2.876992592,2.068750788,2.077553569,67.970825,69.90268766,100.5435397,77.49784513,96.44669543,202.659852,155.1000752,125.981752,-20.61296593
1.88310783,14.67709135,28.59148352,79181.46389,10.91881329,7.553714596,1.197431997,34.49910507,2.823846231,2.881551055,2.042060493,2.071346422,65.9888229,68.04662165,98.71957248,83.61775706,128.7098346,217.9218363,162.9942914,105.7075347,-22.6727734
1.885846207,14.83200824,28.61457947,73001.45951,12.46410298,4.888873167,1.1961183,26.8053972,2.817999788,2.876826972,2.036382318,2.136242213,65.98983867,70.39052389,111.6335309,71.32719106,98.92980384,214.5588351,125.1707065,117.8763635,-26.27146
1.887853709,15.01389766,28.39453984,73551.28878,13.8966069,8.047943294,1.195990992,26.004239,2.816468894,2.874894523,2.00038772,2.112599196,66.14162961,67.8415422,95.78987363,66.7439177,96.83862602,200.8950346,140.5299639,140.941601,-20.143323
1.889848797,15.14014777,28.36083849,72410.72102,13.77179171,5.141635173,1.196351056,24.0324258,2.811524147,2.869634791,2.037207965,2.078532201,66.31569709,72.26183994,97.12714315,71.80183851,120.134734,176.0006072,141.2917526,124.2273331,-21.66818893
1.888942308,15.16514423,28.07279533,69931.30455,13.83906414,5.399251501,1.196135828,23.9303742,2.812095875,2.870550352,2.009966523,2.096325204,65.15353279,71.06523544,97.20182526,68.26729015,107.9705837,170.5525448,143.3805246,119.2175056,-18.8423138
1.890219856,15.26373068,27.97640673,69975.95707,13.36655884,5.850597225,1.188792065,26.17197747,2.81082561,2.869165281,2.024608215,2.156164656,66.18661619,71.62753324,92.57937398,71.16034341,107.1591105,185.8244095,117.4660975,131.9152527,-16.05341487
1.890604811,15.3319622,27.80657388,71228.8205,11.39227379,6.869193004,1.203540688,25.54442267,2.81164982,2.869484879,1.991389559,2.090174663,71.03583161,70.48659607,82.85312297,84.18002998,107.1435651,176.8235593,154.1683176,111.1301823,-11.08805867
1.891896256,15.42973205,27.72013741,71939.3708,12.62555299,7.437372798,1.198674493,23.33566387,2.816340283,2.875176352,2.041455623,2.150403212,70.17243544,72.80075256,85.30563141,89.4475933,119.1467687,182.3278643,137.9802495,109.5246792,-4.5121971
1.893725962,15.55370192,27.66948832,71216.66256,14.94534571,5.807617028,1.199235087,24.29869607,2.812361382,2.869752317,2.001592847,2.082966992,66.20943023,68.41134485,78.36264673,88.26049101,145.021392,182.0917726,144.4854571,77.04232243,-4.1814933
1.895911715,15.83418336,27.2306146,68506.60406,15.72237721,6.343462438,1.199264542,21.07294627,2.81204547,2.870175415,1.978273428,1.954717289,61.72225519,64.36897724,74.96868719,88.73372629,151.4908834,159.130706,143.5883458,70.11873743,-6.443663247
1.898601019,15.92400679,27.44595925,65815.91237,11.9678792,7.937451265,1.198193309,28.019453,2.810198366,2.868521683,1.983466714,1.98609563,61.720634,64.05608485,73.92556847,74.65469577,140.9400115,154.8261364,141.5177904,75.59780978,-0.426638723
1.897101154,15.80776307,27.52185675,65276.25337,12.32866271,7.111403746,1.199117543,32.94605257,2.808269664,2.866658904,1.952120831,2.013000929,64.28269844,67.58865172,75.57952457,71.90713103,136.8051774,146.2112726,141.8738637,84.0244321,-0.008200111
1.896877122,15.68671079,27.87440937,67273.81307,12.47303348,6.796231245,1.202017568,31.90325572,2.816372598,2.874499208,1.977110402,2.088986007,65.51354801,70.86061612,82.91491653,93.82688649,134.0718537,141.9859682,141.0168067,83.76426891,-3.3911922
1.896765105,15.62618466,28.05068568,67143.61924,14.37592068,8.40683485,1.200551674,30.86045887,2.815763123,2.873937332,1.995920592,2.068609851,67.12253582,68.50255671,92.39516397,98.00337868,134.4536829,135.9272663,129.4103527,87.84029668,-4.81343206
1.896445804,15.72686035,27.63624533,65403.14689,14.06295927,6.406932496,1.200499324,25.5913424,2.817293849,2.876030281,1.941725019,1.927677108,67.69235841,68.98988594,110.0788547,106.3614875,118.2265717,122.3395273,115.6140169,91.87479869,-6.299416507
1.895773021,15.70267754,27.57696568,67358.89571,12.85511317,7.953955316,1.199082796,25.7180268,2.816873634,2.875288011,1.967226936,1.958461854,68.51886884,68.7690059,112.5971488,102.5349125,112.5051013,123.9927991,126.8088436,105.5758445,-9.604096267
1.896199049,15.83372622,27.22411685,66282.39446,14.96831379,6.191407556,1.196988926,23.25120787,2.817482396,2.875789532,2.010557645,1.998831284,69.50601813,77.0902975,92.67915257,86.04772899,112.7016448,141.8972339,136.5550941,99.81894616,-8.1039474
1.895609922,15.86980292,26.98088005,66499.74318,13.35040839,6.52833412,1.196148876,28.85169687,2.807646647,2.866128974,2.008479887,1.985425686,67.25747137,74.62023956,101.0404002,77.29405533,101.8513769,144.6565729,140.8438123,108.1101176,-3.259696847
1.89587156,15.93409106,26.81231057,73592.72036,13.17636724,6.652169567,1.197774578,34.45218587,2.827406531,2.883450342,1.959814582,1.861829273,69.37968836,74.42476393,128.8160409,103.5096739,141.2451366,160.7678714,129.4809554,84.94451028,-6.01372022
1.895941536,15.99406866,26.62743372,70021.80956,14.02055786,7.836404736,1.196373952,23.242996,2.823397467,2.880990436,1.961047634,1.922070093,68.82534,74.98038765,121.6458802,104.3571459,116.7243225,163.2117327,112.1083089,94.19968806,-5.864716633
1.894848794,16.01391098,26.32729528,68293.98665,13.71206338,8.318040804,1.200488317,24.2658534,2.819375027,2.877998451,1.943470921,1.950058125,68.82534,74.69799538,122.8937831,99.37235814,115.6464594,167.5449399,106.5154081,83.54877722,-0.281389671
1.894288141,16.050316,26.09155963,70532.45636,12.77785264,5.265158814,1.195985322,24.3596928,2.819061804,2.878272165,1.969945608,1.985787078,68.68417457,73.51321836,122.3452605,113.5991304,124.1400006,163.9843493,100.8332325,92.33487388,-0.886049015
1.892900344,15.97305498,25.99087629,73479.17613,12.16908491,5.803177221,1.198622125,24.7186306,2.805932208,2.864972792,1.960697318,1.997141387,69.74185289,71.80427425,122.0764897,125.2588539,133.8659934,157.3385431,106.0387381,101.7727467,-1.203649633
1.892606602,16.07823246,25.5755227,72435.81412,14.46549733,6.884291777,1.19089879,29.0082922,2.815260865,2.873049584,1.977560249,2.031872482,66.32441684,69.97859263,131.1996281,122.4856076,122.8058565,144.4152344,113.0677057,104.0551179,-1.009881119
1.892676299,16.13898177,25.3879945,71897.04509,13.01018001,6.414962935,1.200806396,31.63463893,2.808012625,2.865679056,1.951839594,1.964002748,69.11381733,66.37505187,140.9480092,119.3867196,116.0766028,134.0558761,115.8674473,108.1581606,-0.963255575
1.893940853,16.29972146,25.09950481,71506.07328,13.13595233,7.848735411,1.196966477,24.41482333,2.797694432,2.856185768,1.948037632,1.935338739,69.79016151,63.91665418,134.7805514,112.9909345,118.8081795,137.3236694,120.7858593,104.8448183,3.41667726
1.895477992,16.41221114,25.0463652,72764.6745,14.58647543,6.611079569,1.198264371,24.88402373,2.802706872,2.860574586,1.954859735,1.945331667,68.64426469,67.70146608,139.9947597,123.3575118,127.6548521,138.0742374,114.2735279,99.88830663,3.672714493
1.895591472,16.4735282,24.86778542,74070.44351,12.66364809,8.143712832,1.196979435,23.3075116,2.809895696,2.866985731,1.969189903,1.956078237,66.1820268,69.11368555,145.2106839,137.8500733,137.2015735,138.9699884,94.48123631,102.9827131,-0.73194531
1.896589893,16.5690581,24.75011344,75287.22112,11.76406361,9.604955701,1.193943257,27.1021666,2.813320082,2.87073095,2.018024686,2.012806674,70.80005356,70.57960812,145.3695411,136.3834684,138.4217654,143.2358653,102.6277327,102.7501991,-4.326255087
1.899147129,16.85520557,24.39552497,72000.32595,11.05302401,11.08126943,1.196914324,26.15203707,2.802059547,2.859871488,1.934645726,1.935796901,71.60239215,69.94620739,145.4019075,119.8533819,113.8042378,142.5813854,115.2310722,99.51175513,-8.306104213
1.900152957,17.00399728,24.10049966,71341.82213,11.94551118,9.475768584,1.199134333,26.54968373,2.795517664,2.853652959,1.956328624,1.967539486,69.92648477,77.31866652,153.0204892,108.2173609,123.4412674,128.9830215,117.4932142,100.3214417,-11.521514
1.89982659,17.10482829,23.68735124,75170.19156,11.03436866,9.132799847,1.250028229,27.71681873,2.591174989,2.648807029,1.874074487,1.845863869,67.26724701,75.004322,168.8878203,111.4975122,111.050368,126.8396852,139.7244082,114.2599177,-15.0934944
1.899316791,17.14698844,23.44491162,75320.1004,10.94723931,11.23041119,1.292419419,27.1350108,2.597024289,2.654186474,1.906067452,1.886951411,68.95494129,75.38102608,172.0465687,112.2873249,107.6221131,118.3859656,146.1556555,117.8073962,-16.55740867
1.899578518,17.21129844,23.27628484,71689.07888,9.831599635,10.45174754,1.295910947,21.81193647,2.554645424,2.611554514,1.809792973,1.815753821,69.09459071,76.59489673,170.394206,86.63452199,87.59597956,112.4804931,141.5190673,139.8603518,-13.99670207
1.899017675,17.24771584,23.04046907,71531.17927,8.722486683,11.92456514,1.302478704,26.04763947,2.527735199,2.584526512,1.806348978,1.82752302,68.5720199,74.839271,169.78007,81.74871805,84.12184857,115.3131777,145.4600121,140.3789345,-12.13813407
1.898667573,17.35175391,22.61458872,69197.83313,10.65365281,11.65565016,1.297044272,24.1790508,2.518331138,2.575445677,1.817987087,1.855711131,70.04608,75.46669711,168.0633742,72.94947524,74.18428751,134.3135252,143.6064911,120.3330578,-9.210312
1.898667573,17.35175391,22.61458872,70039.41292,11.26337722,9.518565662,1.297716019,27.89159567,2.513183785,2.570697167,1.780504949,1.787353849,68.86301046,78.27529063,176.3334491,63.56864612,71.74750098,152.1468442,150.4357531,109.6942775,-4.53097668
1.898368457,17.45248131,22.21014616,68517.19577,10.03901446,10.54435845,1.295924946,27.10216633,2.514979517,2.572532407,1.739753412,1.725709809,67.50694,78.92655639,170.5334894,66.65890943,76.38528599,152.8321179,145.1278473,95.81947292,0.562577564
1.897779667,17.48913295,21.9650391,68263.33584,9.748751068,11.40387606,1.302047911,25.48108053,2.521897048,2.579673774,1.732423879,1.724372082,67.33534026,78.55162278,170.5889324,88.4671812,105.7994067,149.4900876,102.7029226,87.7965382,2.446682907
1.895462271,16.94080218,20.10925221,70730.87097,10.44323614,12.23653983,1.31298302,24.12040067,2.524828445,2.582568958,1.833598439,1.829725803,69.80087944,75.03125794,169.7803192,106.5114752,114.0292112,154.3727634,99.37830316,84.79317521,3.74628148
1.888225094,16.34526352,20.65860252,72863.69138,10.35847337,12.8464301,1.2892693,26.04294787,2.515157401,2.572821538,1.802141775,1.817478272,67.95118336,77.06542108,169.4383778,119.2402428,120.227285,156.4131917,99.22745456,85.18852085,6.764299547
1.886456828,16.20568971,20.65621947,72584.57142,11.38046054,9.803047571,1.296450024,26.1766696,2.518108772,2.575770208,1.799898447,1.811744126,72.57526255,74.01595203,167.6403386,120.7058019,125.210064,162.2227694,89.49411356,81.31605159,5.502902447
1.886456828,16.20568971,20.65621947,75157.58918,9.698574471,12.23550629,1.300804221,28.8182662,2.519204763,2.576599812,1.747799181,1.782961317,67.74455829,76.17112925,160.7153008,109.2278146,109.4013377,170.2002912,109.6838393,111.2764915,5.916063293
1.886570347,16.26702786,20.47757826,75418.74265,8.94902535,11.23307777,1.301541027,27.624153,2.527385312,2.584237612,1.778562569,1.767985111,70.34224018,80.22949388,151.7271395,113.8548448,117.3074196,162.2782342,116.6798561,109.3701998,5.420941773
1.886570347,16.26702786,20.47757826,83584.36812,12.56313671,9.402941206,1.287416224,29.3343858,2.568437759,2.625539771,1.800606435,1.726615188,68.11731035,63.74993529,127.9048659,132.4086835,157.8288041,180.3019159,127.7038046,120.9997862,1.509607207
1.886683867,16.32836601,20.29893705,79871.58433,10.21757144,7.088981911,1.302795056,26.53560764,2.556501622,2.612058933,1.841636089,1.759602322,84.81432722,66.218386,128.8450789,136.79888,152.9018011,182.2429744,132.7405978,76.84696244,1.426057082
1.886797386,16.38970416,20.12029584,76874.53437,10.35343295,9.767856399,1.298879371,23.73682947,2.555202379,2.612624339,1.799277095,1.777466523,74.75386025,77.22253888,104.4876656,98.55486803,127.4838452,185.2539915,142.4184269,117.9847719,-2.629137347
1.886797386,16.38970416,20.12029584,79388.41602,10.52481976,10.45782726,1.299901114,16.21789903,2.539956641,2.597439262,1.757354279,1.754377357,75.78128941,74.79055297,105.4032695,103.1328614,148.5848137,171.7250008,150.4915274,121.7443539,-5.275094513
1.888918735,16.7200612,19.56704182,76363.6407,9.104796826,11.04924671,1.302911668,24.27523673,2.547659183,2.603886043,1.872397562,1.86982103,75.06099021,78.53775898,140.3778711,81.71584096,122.1218286,154.5696262,140.1617743,139.5508829,-14.585949
1.889030942,16.78069024,19.39046583,71847.99741,9.143411157,10.38062477,1.292945945,24.8793314,2.434439294,2.492837658,1.780501622,1.784137297,75.67380057,79.85610967,140.4199723,92.29847362,99.8086671,145.3960425,137.6334759,118.391573,-15.88106647
1.889030942,16.78069024,19.39046583,73139.11872,9.012399088,11.53937568,1.308374067,16.61789207,2.425883748,2.484924887,1.769395627,1.798010728,72.27340294,73.71316454,155.4763403,80.61722018,82.01479023,160.4536406,141.6765218,129.238717,-12.84314063
1.887084042,16.59822048,19.61482817,70329.29061,10.3971951,8.169684259,1.298266399,15.38624204,2.4291617,2.488059453,1.728401645,1.731236141,71.85278006,76.84404332,159.1732309,81.81848591,84.10037727,157.3704057,131.2108341,109.2812744,-16.165394
1.885212657,16.42103777,19.83370534,68326.86142,11.7905244,8.349532982,1.295100003,21.65182202,2.408806452,2.468035765,1.707291132,1.706231427,63.2431826,72.17108162,155.271423,81.97920973,80.17563039,146.2072959,128.768891,110.0359794,-15.31137247
1.885212657,16.42103777,19.83370534,75964.75,8.497877887,9.5136894,1.30401014,27.917402,2.422599987,2.48158614,1.6122888,1.601350967,69.77426467,81.63498,154.4057553,102.9132976,114.2482794,108.9746783,130.7396687,165.8514153,-7.406969573
1.884276965,16.33244641,19.94314393,75144.2175,9.502952545,11.57697252,1.302843386,26.4235864,2.4206172,2.479834159,1.6607396,1.67458945,69.75976364,78.40704268,153.4848009,119.3884091,96.06560864,112.636605,123.5211693,163.5747705,-5.571165853
1.88325621,16.23580129,20.06253147,72853.64076,10.20995721,9.33472583,1.298737773,24.9297708,2.431242331,2.490562426,1.639666976,1.653591292,68.95765645,80.85081718,153.909374,132.1770448,102.1641566,111.2448904,108.3103867,138.5910485,-1.623776347
1.880358003,15.93826162,20.35890534,72674.29647,8.895437678,7.855507735,1.298969792,23.83536187,2.328073975,2.388614623,1.605322425,1.656821398,69.13988597,81.27730035,155.6834612,138.2545448,135.3491831,133.7101343,90.19155463,91.87617537,7.689419273
1.87941136,15.84863339,20.46962478,74927.41434,12.02614327,8.936432621,1.30263336,25.32389873,2.334433853,2.3948061,1.61103801,1.632416069,67.35567809,82.88743001,164.2481517,148.8398499,130.1184684,122.4336501,99.18815536,104.1362227,5.731905667
1.87941136,15.84863339,20.46962478,76117.73868,11.3920101,9.121373912,1.299861233,28.65404613,2.330041819,2.390726287,1.61809614,1.628984232,70.04343064,77.77006524,163.9309807,158.0257783,156.1958336,119.7622985,98.82548793,84.02933726,3.54977222
1.87941136,15.84863339,20.46962478,74354.81688,11.46297502,8.836388661,1.294930598,26.47695727,2.33736217,2.397483376,1.595767202,1.60816301,71.80910194,74.37342356,165.086853,128.46049,125.2106682,124.5928768,118.5503093,101.5875922,3.873348813
1.879445592,15.8521522,20.46955923,74186.92669,11.15724745,9.300152631,1.297546753,27.25231053,2.329520884,2.390283084,1.600467325,1.617242786,71.40809115,76.21321171,165.0507682,133.127907,113.3709554,112.8733232,112.675042,124.6721587,1.259720683
1.866943574,15.39478056,18.74976489,73075.87815,10.73878091,7.854303916,1.2974598,24.52039333,2.335757925,2.396097471,1.590425723,1.608041082,68.18067792,82.92140089,163.7628864,118.6955508,96.41534497,112.6111125,120.1935334,138.9745182,-4.58613106
1.866943574,15.39478056,18.74976489,75054.57984,12.05178577,9.50403169,1.291181213,23.86585967,2.337920949,2.397829734,1.611677549,1.622994261,72.40035565,77.27317502,164.6398413,107.2001201,90.66104095,117.3294397,140.6692215,149.7953301,-7.099759993
1.866943574,15.39478056,18.74976489,76042.92781,11.76233677,9.901499027,1.299454242,25.9103986,2.33429625,2.394666468,1.55470389,1.552536448,70.54920808,74.90253445,165.22001,105.121545,93.13041909,118.2560126,150.0702531,148.3033819,-8.929604
1.866943574,15.39478056,18.74976489,78068.45936,10.20040383,10.31856789,1.302863258,28.56020573,2.33218545,2.392730681,1.601060622,1.606437564,71.60391045,79.07661562,164.5631835,99.95904835,94.43349489,121.1723932,153.6496236,165.9835015,-8.212183
1.866943574,15.39478056,18.74976489,79760.31683,9.26747514,9.689033246,1.29672913,30.50738673,2.341370931,2.40222783,1.582506562,1.593449253,75.02743248,83.11540532,164.8983992,108.113499,92.20159597,129.2020697,152.2013654,169.9103183,-6.000348013
1.865638715,15.21360893,19.09074843,76654.78204,9.629563907,11.04756736,1.291655237,29.0153304,2.335651951,2.396426067,1.591549655,1.616039593,73.34619183,83.15976793,164.5057985,96.30514682,88.01186045,125.5162902,138.9079316,172.6846428,-4.19182934
1.865509404,15.14373824,19.29423981,76672.77862,10.05834439,12.37225673,1.302824028,26.7596508,2.322609098,2.383578718,1.61957644,1.66012223,68.34713143,75.82756259,164.3678942,102.9358723,102.9764975,131.5415576,139.4077578,144.7993936,-2.454493193
1.865509404,15.14373824,19.29423981,80132.16797,11.26471068,9.929849884,1.298569077,27.9279586,2.330972681,2.392197149,1.633039648,1.641722863,73.18383965,74.83014284,168.0672377,111.0350521,123.9678474,132.3051524,145.9973264,139.4199024,-1.606817813
1.865440658,15.07493145,19.5102311,70569.69717,10.24753971,8.801519398,1.301337253,28.75140447,2.344101803,2.404146038,1.617372572,1.599776209,70.67194231,79.66584981,158.1728434,93.19995015,94.01205647,101.8675756,121.3050084,156.4431534,-7.109433673
1.865311398,15.00508813,19.71364277,71123.36986,11.01832602,9.125494022,1.290892126,26.69396273,2.337283735,2.397711309,1.60526261,1.614192272,70.46506835,78.31749415,170.2184798,97.166965,93.59368634,106.0567902,123.4588426,142.3097678,-4.992578853
1.864161442,14.89561912,19.84575627,72761.76166,10.93264517,9.065133428,1.301862821,24.45587853,2.301901109,2.363152902,1.593460694,1.600397083,72.09807073,79.05604262,180.310729,103.9003998,109.0124736,95.17321615,130.2892992,132.3129353,-3.949154713
1.864032132,14.82574843,20.04924765,77614.31666,13.37633082,9.000909727,1.299549753,26.05115887,2.327698421,2.388488462,1.612538022,1.609573288,73.73382692,76.8181318,179.5780771,122.773035,123.4846196,130.147356,129.6066175,112.7989751,6.724206687
1.861422328,14.49955105,20.46941994,76508.50281,12.78216385,10.82231773,1.345156384,24.72332247,2.32501835,2.386496853,1.622309102,1.60150417,73.73770247,79.67179902,176.2950117,127.1673943,127.6962278,121.2155411,127.8411251,106.6896102,5.33841572
1.861422328,14.49955105,20.46941994,75039.32857,10.83390834,9.533972094,1.356562945,24.42068807,2.335114999,2.396402662,1.623810565,1.592482175,71.80631577,84.99171014,168.2147971,162.1605717,104.8270737,106.9493333,97.73860555,130.8909031,6.649104687
1.861354249,14.43004369,20.68794678,75743.2302,8.605459514,11.63735722,1.361995012,29.43409113,2.323469284,2.38574684,1.592648777,1.58249432,67.83621177,82.99459372,169.7896297,156.8094838,109.3849008,109.1610989,105.6006065,127.4073603,8.12172922
1.861223193,14.35922955,20.89418586,76511.51083,11.91381659,9.134687179,1.354842576,23.4646936,2.320684782,2.382341832,1.622828057,1.632835161,72.53550261,82.13154009,161.2965332,154.6591008,123.3264537,106.2530731,116.7241805,121.8000827,6.3260136
1.860055622,14.24798172,21.02860548,73838.38925,11.97177611,11.36934758,1.348486437,21.93627393,2.319946585,2.381686347,1.597305344,1.606600702,73.91309286,78.27959434,153.8906401,140.8747298,127.9511573,105.5246663,121.8777525,106.0809693,10.24860493
1.859924513,14.17713945,21.2349265,69850.91539,13.32529011,8.093064984,1.34296337,24.8030866,2.318303563,2.380155661,1.60179609,1.602398127,68.85125257,83.19890922,149.1731905,127.5527035,126.2528607,107.3724757,117.0352666,88.78626489,10.845197
1.859793405,14.10629718,21.44124752,67858.89514,13.62781347,7.162960201,1.348488436,24.5192204,2.315785194,2.37709088,1.574310194,1.570027656,71.30701754,80.02753328,123.3624161,125.3123456,126.1540235,124.4093593,103.3375724,88.76301733,6.7787275
1.859793405,14.10629718,21.44124752,66988.0348,14.12275392,6.410219314,1.300020899,24.98607487,2.30630708,2.36841748,1.531218598,1.538789853,73.12292424,80.90614442,103.9939408,113.1978793,128.7225004,124.4618946,99.07990571,109.4030192,5.21478356
1.862187377,14.29519012,21.43353195,67310.70533,16.19834983,6.827360498,1.302757881,22.50166027,2.319406711,2.381328074,1.560251368,1.567764976,70.04278143,82.2840054,110.8801756,113.1747309,123.602273,124.0142454,101.7747755,109.9781504,3.235378513
1.860980008,14.12322619,21.76318699,68414.17735,16.42511025,6.874951916,1.297380633,24.22479787,2.319483518,2.381507142,1.543920005,1.562749588,70.04289847,81.50408973,112.6094299,113.6860977,126.2358568,130.8695133,100.7696219,110.3964082,7.748599527
1.860980008,14.12322619,21.76318699,66241.34064,16.89507945,6.476991405,1.303051258,24.33857867,2.32268174,2.384950369,1.533576878,1.550191855,70.68189157,81.67860998,112.5111765,111.1011408,119.9877015,124.2193143,99.54809799,105.9469281,9.091886633
1.891113289,15.74349667,26.30036848,67175.46209,15.99159232,6.301806482,1.297034454,22.36559267,2.328684334,2.389526111,1.549949642,1.571754291,71.413315,82.6641002,114.126797,121.044621,120.7742822,137.4937661,102.2168096,87.1857216,5.7064843
1.890921569,15.66641176,26.51268627,66179.07783,14.7115249,5.724066051,1.300405709,21.98436693,2.320555642,2.382019809,1.595575654,1.597858205,72.20095205,87.42291592,112.6631341,116.7766953,121.6359121,143.8746413,97.37793377,80.27875974,1.314347547
1.890921569,15.66641176,26.51268627,64958.97066,16.37103987,6.756499224,1.299885675,22.27409787,2.314724903,2.376547512,1.58690662,1.575410991,73.52684036,79.46824331,111.6173485,113.4223686,110.3468851,141.3795033,99.32122474,84.31388409,4.69834956
1.889694238,15.49274402,26.84588397,64849.90156,17.02491273,6.58236269,1.29323655,21.870586,2.317932,2.380123762,1.595214367,1.578400378,70.44911918,84.94670747,107.8315212,105.747468,120.3716647,146.3839777,94.2791716,84.0452712,-0.12130869
1.889564877,15.42284594,27.04945512,63902.39535,19.70004945,6.40715104,1.302561997,22.7268762,2.318615379,2.380372695,1.587625003,1.571832674,70.44794645,87.42537682,93.49521775,98.09059885,108.6993854,149.6463301,92.64057631,103.9285602,-0.24923104
1.889564877,15.42284594,27.04945512,64140.85876,20.16479142,7.405014319,1.300054996,20.11343207,2.318149956,2.379913923,1.59354248,1.58231007,70.04351895,88.47469969,83.12209374,90.708775,116.8449462,159.6949347,109.8845656,86.52607806,-3.865738747
1.887215686,15.14142353,27.51433333,63563.00195,18.64220852,6.246248577,1.297158193,22.46881633,2.306511193,2.368556875,1.530633093,1.527299865,68.11731,86.15683922,71.99408322,66.67071329,96.26145919,189.9347599,122.0883658,91.90299163,-5.181907
1.887086275,15.07149804,27.71798431,67862.00162,20.34517078,7.216455211,1.302768507,25.37902987,2.297587692,2.360005075,1.546385614,1.539817769,66.61130511,89.92845809,73.15266595,71.90589845,100.5514461,190.4124242,129.0606967,116.3507779,-6.028033273
1.887086275,15.07149804,27.71798431,69212.81455,19.2945928,7.806012835,1.302734436,21.47411233,2.310913437,2.372339209,1.607399001,1.593156802,69.95900688,88.5392976,84.37674618,71.6508885,97.54746135,200.0171691,139.5041359,103.6573883,-7.47733924
1.886945098,14.99521569,27.94014902,71265.55621,15.86655785,7.0072331,1.289410309,23.15971347,2.333215275,2.392996396,1.605181614,1.618772149,73.35695541,80.99493172,85.55334698,76.00840626,117.8726471,200.1931312,146.065504,91.68611949,-14.10914713
1.884610493,14.66752385,28.46736486,67204.04201,16.31910231,7.790976699,1.297970146,24.6365208,2.340029976,2.39982664,1.556199831,1.587036981,71.34073905,79.51075193,72.62101792,69.84124659,119.6265568,192.7441457,140.1842392,79.79917797,-16.16015387
1.884610493,14.66752385,28.46736486,64736.5717,17.48102377,6.999083828,1.300193195,22.51221767,2.330785251,2.391185183,1.504800177,1.540598042,67.52752499,86.43773687,65.5721979,54.38175617,88.07419016,194.7149119,138.6501716,107.8327057,-13.57166883
1.884479332,14.59665342,28.67376789,64630.82642,16.02655581,6.399095386,1.29416804,21.04948627,2.338214289,2.397557492,1.526605346,1.546520355,69.948425,82.52631258,71.99494591,59.26256536,89.49790893,195.9006772,142.395334,90.34249786,-13.99245707
1.885222576,14.68029014,28.62362083,67473.0642,16.80455253,6.71337642,1.303063986,21.68407913,2.339240179,2.398938682,1.545956995,1.562611423,71.61198753,77.787796,111.5664524,71.09068325,87.54569514,180.5616721,141.4788595,92.8491148,-13.4290842
1.886178926,14.8454831,28.35846918,67175.64129,17.57977067,5.788747615,1.313195969,23.2218826,2.344134212,2.40436065,1.594241231,1.589565139,70.99591698,83.64243168,175.9174674,109.0403793,100.485816,90.91112231,118.770944,100.1581999,-16.11903427
1.886975358,14.93029014,28.3174841,63820.65768,18.5771066,6.464579159,1.300525625,22.02659513,2.341090257,2.40122347,1.524263288,1.547129361,69.31228206,80.88545603,178.5800141,102.0817627,81.82931035,116.1935221,81.29341799,102.809275,-14.32970833
1.887693837,15.01340358,28.26524056,64363.42814,18.66526943,5.43847192,1.316622195,21.84478047,2.329823686,2.390109655,1.540999953,1.57076553,71.61279044,79.70512266,184.4223445,102.214732,98.82848862,79.24793383,105.5563661,98.96111227,-15.84339207
1.891192843,15.81017097,30.09329622,67598.46471,19.03928102,6.035654235,1.299864289,22.86998227,2.321494559,2.38178632,1.464627301,1.514343737,70.94943,83.95164157,187.8242719,99.08168191,103.1417487,82.47090797,107.8514262,121.394776,-16.1671732
1.893436642,16.11639074,29.68647705,72583.39486,17.98661935,5.80586013,1.297062268,22.42072333,2.330685141,2.390812344,1.45004425,1.50195132,68.00667102,85.81001082,190.4851616,101.446741,110.3370661,94.59153979,119.3469638,135.0438977,-12.590305
1.894109105,16.1919584,29.64696232,70715.80171,19.34475127,6.09741606,1.296820111,23.7039856,2.338258569,2.399101334,1.487653155,1.53581444,68.00812485,86.93413508,200.942932,95.42213398,99.58987865,102.4424609,110.3355021,126.2070693,-13.473453
1.898025227,17.01419787,31.43115491,71543.43796,18.75076573,5.586884321,1.302410944,21.62425647,2.333024739,2.393367359,1.514781463,1.540769677,70.31247664,86.71285108,201.7487807,91.49530479,104.9399968,111.1136881,115.139147,118.5737687,-12.15250977
1.898810087,17.09741529,31.38931442,71233.89763,18.70765564,5.821305657,1.308174526,24.83358447,2.316143821,2.377025747,1.506763269,1.531643559,69.57444162,82.53442911,206.5746,102.2314155,96.93659753,101.4127217,103.2260344,130.7086655,-10.86433327
1.897175363,16.8961122,31.72807768,71869.21217,19.20596199,5.999057091,1.303198838,25.8540942,2.316039908,2.37646202,1.620084062,1.583719524,76.04714499,78.65084283,194.3771721,109.8065586,110.3603399,103.0917026,113.8285236,113.5674351,-16.97963373
1.89652805,16.87021969,31.72764614,68107.49733,19.56132431,5.706804525,1.293898057,23.86937833,2.335875609,2.395862505,1.504084046,1.559239954,76.12296332,82.04440744,184.5749299,100.238956,101.2064165,100.1560088,106.1741007,113.6941147,-16.65273033
1.922025118,18.22442308,31.60984301,65396.83912,20.72107245,4.9496705,1.297481029,22.8136784,2.339356871,2.400104889,1.507201364,1.57162604,74.99331491,84.07090598,163.1079526,95.02425683,88.67397331,97.25307657,114.2713388,116.6659685,-16.2077548
1.921239702,18.13241271,31.80234994,64606.05566,20.26985261,5.623947237,1.297133297,22.871156,2.341254827,2.401838352,1.493268058,1.552331025,74.77114519,85.5725779,165.659825,82.26746842,80.94753815,98.41212495,106.5887894,133.9266959,-15.8641069
1.918267779,17.74054827,32.51775526,64930.22305,19.8275961,5.831483645,1.30022796,23.45296347,2.324549791,2.385997161,1.53266821,1.546553322,72.49714004,91.11322553,164.2290093,90.49912958,83.26974594,101.3076181,107.7826851,123.6179052,-14.99239267
1.918267779,17.74054827,32.51775526,66716.53023,21.33444733,6.992628481,1.295427289,22.77027753,2.335330296,2.395737415,1.669530403,1.622416575,70.44528677,89.4660396,162.082756,95.42682614,99.43463204,104.9604726,114.4407025,111.6463524,-17.71410533
1.901844192,16.66725267,32.82854188,66181.67514,20.9337729,6.700493092,1.298353561,21.41077047,2.332425496,2.393294452,1.655937976,1.591822066,71.50146813,87.0069185,162.6818562,94.81249281,97.09374235,103.7983116,118.2340421,106.2652306,-18.22878313
1.901679781,16.52562436,33.25609648,64172.90279,21.46099772,6.483148208,1.290094792,23.02364607,2.338131863,2.398921905,1.646705952,1.652417022,70.19249945,89.17794148,163.1751529,86.40443223,81.9757857,122.4892322,106.5884823,102.5167775,-19.699738
1.901932946,16.52557304,33.33949709,67108.7333,20.00219657,6.808206566,1.302864462,23.8212854,2.343172116,2.404085535,1.531886178,1.569491232,66.68333481,84.94148826,162.6530715,77.37932995,77.71052176,119.2658984,128.9246716,125.8797507,-19.92271087
1.900992131,16.43649675,33.44953472,61826.8165,22.16840763,6.317156538,1.306635202,24.55206447,2.318314673,2.37945322,1.528263983,1.53398002,67.8336923,89.15780772,156.7115506,69.80045291,63.20081033,107.7942615,110.6887811,130.5248374,-18.5523252
1.899938419,16.28641806,33.73723572,63034.59761,21.64444875,6.950154702,1.300167374,21.55035713,2.326723612,2.388479602,1.633031121,1.583285203,68.84952806,89.42465819,141.8831887,76.51238946,76.90091702,116.3679057,114.2629573,121.654465,-19.2172182
1.900150582,16.28585216,33.8146167,66516.85113,20.58629182,6.075883567,1.301184088,24.29869673,2.228575483,2.289817922,1.472407393,1.485954558,66.62270426,88.76380892,144.1058512,79.21605331,80.97337523,127.0111336,118.3852942,132.7314064,-18.8083914
1.899209446,16.19674538,33.92469199,66695.49102,24.18485228,6.612331448,1.287568351,22.92042167,2.219264924,2.280806679,1.383985837,1.446856021,67.14293949,88.8805868,143.5972119,82.43195407,83.8189121,131.2592671,134.4471653,108.4027324,-18.728693
1.898566051,16.11918207,34.09199863,64980.90165,21.29523826,6.161695514,1.306688607,22.5403696,2.220270127,2.282096461,1.365642262,1.429986376,64.88026792,86.66729506,118.3743625,72.32442787,98.97041684,127.9666064,122.4122388,122.1064986,-17.206331
1.898442847,16.05261123,34.28587953,66203.03623,23.35295447,6.856291043,1.297089345,27.8528868,2.223826699,2.28535202,1.559183165,1.493190725,65.67984821,90.40354355,111.4691915,92.08320312,86.98192597,143.4352636,114.1976629,124.512998,-16.20119793
1.912814955,16.76716879,33.79168518,63795.62038,22.5834189,6.799643574,1.297250977,23.136255,2.106288638,2.163026474,1.482728992,1.334036001,69.97093077,94.34836454,125.3396218,89.86422308,86.98082125,125.4629217,117.6499117,106.6414244,-14.9964136
1.9120699,16.69662693,33.87882688,63655.97365,22.4696683,6.778951755,1.296893879,22.52277393,2.108383187,2.165108224,1.432400686,1.326794015,68.41296924,91.98542944,137.2207092,90.65899164,89.79873365,112.1228985,115.2259523,107.737724,-13.2695873
1.912866018,16.84871151,33.56318206,60423.301,24.00793012,7.237462844,1.296222563,21.58085487,2.116048686,2.171941376,1.553524888,1.347999896,68.76738777,93.31676376,135.4553223,86.70922933,85.58072326,106.2585036,104.4299417,102.1735861,-15.59110447
1.911560207,16.72354716,33.74645284,62192.33789,23.02733895,7.037440377,1.30981434,22.159144,2.116283198,2.17272266,1.556199829,1.300625632,68.49009727,91.29963195,132.7845074,82.48908957,80.12604239,107.1022679,122.7716908,112.1909239,-33.12467153
1.917804745,18.45488956,29.04129261,58355.86203,21.70289172,7.257797545,1.293326581,21.075292,2.095283205,2.151562267,1.455004867,1.299138387,70.75852476,86.89428496,137.7115748,75.30114927,68.49618439,103.3128759,113.0961548,102.8392876,-32.32592093
1.918099782,18.51048255,28.94650491,63729.27058,22.11826939,7.61889665,1.296679771,23.4670398,2.097578451,2.154755817,1.47377125,1.365269597,70.21747337,87.51032455,127.7037853,92.38369755,85.61588176,111.3253984,115.084151,119.6157973,-33.40130353
1.917288089,18.39072227,29.18183156,63234.32451,23.23890318,7.064221687,1.302968112,22.13920313,2.099269069,2.156682009,1.356437881,1.347709589,70.21004697,90.01961873,127.2823263,91.14291794,92.55012656,118.4295171,108.1807922,109.1091648,-32.9328876
1.918615325,19.06157137,28.26292104,65577.22981,23.52007372,7.386652897,1.302598302,20.457121,2.097871005,2.154913162,1.342899624,1.33212434,70.2015053,92.37596628,126.0928128,85.95716377,94.94984225,129.7632279,115.7900927,116.7299806,-33.2257138
1.918929545,19.06462437,28.35463994,63207.87807,21.37429834,5.199617283,1.348812142,21.55387647,2.094553128,2.151337889,1.346680099,1.338975864,73.79850146,89.66363458,121.9160208,83.36571779,95.28132986,142.3685064,105.7113699,99.25331374,-32.7995426
1.916936371,18.97387274,28.27269442,57601.71793,21.8270753,5.463689554,1.303656615,21.39552127,2.108432267,2.165129573,1.337846004,1.33033845,69.40519402,85.4924925,116.6628009,67.1111179,67.63359452,143.4937588,104.6595653,89.52116494,-33.03967467
1.916923077,19.05568442,28.04498225,61720.09389,23.41557744,5.289924443,1.300966093,20.6060922,2.11391273,2.170224127,1.343371535,1.334496995,65.29224023,86.68789007,118.9912181,70.76525489,74.11926006,149.6257382,116.2341471,100.4857768,-34.22518447
1.91739645,19.13932939,27.90609467,59924.1447,23.68359819,6.204617148,1.302768573,20.50990613,2.115302346,2.171657518,1.311972349,1.303835205,67.62090817,85.80757205,110.5340282,65.08261127,68.90129014,147.8192423,114.6387579,103.9631507,-34.4686274
1.91878501,19.24837475,27.8567574,60415.60779,23.31018496,5.766817861,1.3018217,19.631329,2.106192624,2.163484343,1.294817475,1.287731185,67.64718125,83.66997442,136.4278894,66.00667466,63.54360522,139.2881061,109.2662868,106.1740874,-38.69143927
1.920220994,19.36098264,27.80519732,59237.7977,23.8475766,6.017840493,1.302817459,20.3233988,2.078878731,2.135691428,1.271366025,1.26482548,69.71652856,88.12501442,148.6459557,62.35261176,61.96833592,105.0562615,120.1212271,113.4175389,-40.76945667
1.920220994,19.36098264,27.80519732,57626.13662,23.97852197,6.185371692,1.302879663,25.5233086,2.085398469,2.141534985,1.284127966,1.275939843,66.68570891,88.3722177,151.4650663,66.33554525,66.44214944,111.3549843,105.0294228,96.80786473,-45.41136293
1.921648915,19.46940828,27.7651716,52371.17196,20.47986114,5.262717355,1.300906166,23.9362396,2.07235633,2.128542125,1.220921941,1.21201982,65.71970927,83.13152425,146.8016298,52.31508706,52.56239872,112.0035839,90.14882291,90.04483627,-45.76113382
1.92308603,19.58210339,27.71357537,51847.1718,21.33520543,5.218534014,1.300118187,23.66996867,2.090461467,2.146621025,1.307058006,1.298369895,64.85708075,91.23793163,124.3965226,48.20235323,52.89519387,95.48720128,96.6271062,116.7563972,-46.11090471
1.924041042,19.61448698,27.79158248,52345.15747,18.20443454,4.871379944,1.302811066,22.26588767,2.110351267,2.166557123,1.286249721,1.277137998,65.92768551,86.61461819,93.65614354,43.17338083,45.87842408,93.01818172,112.265286,145.0896115,-45.78634726
1.924465483,19.69446943,27.65492308,55262.33124,22.30423716,5.653052348,1.300102807,22.4946222,2.087076014,2.142986745,1.328465065,1.318767785,65.62372354,91.73197857,112.7243361,44.11045921,49.25394926,97.70478409,121.4053992,140.2770322,-45.4617898
1.92590371,19.80725335,27.60328335,56340.91415,22.83087382,5.322033867,1.311953501,23.59606953,2.084774694,2.141352854,1.298513679,1.288382249,66.06668328,92.0985077,121.1885377,46.03090739,51.23540188,97.78258877,130.5235603,130.9835858,-41.18298967
1.927329389,19.91550296,27.56333728,55784.79019,22.90427368,5.742689523,1.299122501,22.90869173,2.102928756,2.159905437,1.324399931,1.314534299,70.45131094,91.96713467,121.9279889,46.26994595,42.24978829,97.697942,126.4780885,137.8376454,-34.659596
1.92840729,19.9127813,27.74391046,55373.12741,22.320782,5.776948781,1.299875071,21.67469547,2.098817094,2.155412096,1.331080735,1.321824974,70.45193445,90.75056959,129.532216,54.11851806,52.07277628,100.6870313,117.4272086,116.0781985,-28.37219813
1.92840729,19.9127813,27.74391046,54598.13027,22.94012349,5.801745324,1.297146223,22.6811298,2.091714859,2.148300141,1.335610467,1.327239672,68.26102627,92.95097686,138.8194252,63.08722881,60.44250258,94.21135217,103.7239328,103.8831046,-23.875015
1.930965976,19.87221353,28.32811889,54641.00278,23.01733138,5.651442398,1.30279806,21.76149767,2.085211752,2.141651348,1.338998531,1.329912791,69.95068647,90.71333383,143.1309914,81.36293005,69.53836356,89.28175357,86.11422474,96.04738525,-20.203186
1.931086439,19.88074941,28.30207375,56321.01676,22.55923346,5.834854484,1.297290846,20.52163587,2.086070909,2.142875091,1.302601968,1.295347281,68.83083129,88.20164562,144.3545915,106.4954612,98.94215867,85.53464382,70.16979058,76.81744376,-15.43485587
1.933232964,19.89059826,28.66397385,56420.27173,24.73670651,5.563163217,1.303103483,21.7603236,2.093171051,2.149805186,1.347092355,1.339279613,68.82764166,89.05075006,142.2395193,129.6454224,97.30279107,79.41438147,66.14785149,67.90900569,-11.42970293
1.933232964,19.89059826,28.66397385,56056.0923,25.63082926,5.737888672,1.303090954,22.63538273,2.09856202,2.155251748,1.37115017,1.362783546,67.48197897,91.41523323,142.5547824,133.2716901,102.7294936,78.88934463,58.70923097,63.08859135,-9.492631
1.935378518,19.90629013,29.00664289,53143.64413,24.34582446,6.056176776,1.302893268,23.10106313,2.109895739,2.166160869,1.277321883,1.269314439,63.3901949,81.60569621,142.7482851,128.0774949,92.37194156,78.15598213,52.68152635,56.67216856,-7.3582325
1.938240813,19.9368491,29.45783034,54162.92576,24.78919701,5.79684589,1.302932994,20.9087258,2.094467758,2.150748094,1.276596968,1.271163972,67.70927724,86.25372854,135.1558838,120.3835225,103.3335678,82.26386889,58.27393648,59.59065195,-4.97443688
1.940071344,20.00969877,29.57413397,49881.46614,23.7490179,5.343764066,1.290159122,27.6370548,2.11023103,2.165620104,1.214857155,1.206760316,68.82615588,87.04093286,124.1834779,97.73528617,89.99623458,82.25156324,58.0711376,62.6303444,-6.619225573
1.941425743,19.99125545,29.8657901,49833.90146,24.32673483,5.433551621,1.297636055,22.6482856,2.097224182,2.152496501,1.185060548,1.177048761,67.5255272,87.75498386,115.9407892,86.21412862,88.68546595,79.06447656,74.46702884,68.44294758,-7.44490248
1.942749604,19.97178288,30.15130349,49163.98574,23.78018472,5.871146483,1.300490192,25.88459267,2.096249131,2.151548279,1.255042793,1.246743321,66.6276199,89.60717934,103.762463,79.51770237,77.2727883,89.51108121,79.9782285,73.8537788,-8.629345
1.94489893,19.98750694,30.49456203,50110.33893,23.87516162,6.143539798,1.307065644,24.68050804,2.095823416,2.151718296,1.284023562,1.275639896,66.3216962,83.65283122,102.0764328,77.72472742,74.85204413,97.45489738,81.20139641,79.39094442,-9.297776913
1.945334919,20.06454618,30.36664289,51622.4173,23.78591694,6.548797416,1.300160244,23.4764234,2.10575872,2.161968853,1.33184767,1.323433047,67.81238801,88.29530407,101.7013191,55.8123975,58.30580637,113.1035507,106.3402811,92.22070272,-7.531475333
1.947499009,20.07901308,30.71749108,52707.96287,24.24544391,6.182004843,1.290191322,22.61661473,2.095942559,2.151786851,1.24935453,1.239649648,66.63090793,84.07139853,94.46608021,56.56392113,63.37260098,118.737144,106.9435709,96.55293473,-6.933398387
1.947499009,20.07901308,30.71749108,54373.92048,24.06753224,6.010375586,1.299562509,21.26531793,2.094941194,2.15078177,1.223766606,1.211456727,66.31965822,88.50985626,94.56699095,58.87404819,59.41388667,131.1497155,115.4172344,93.55995397,-4.045636727
1.947004754,19.99814184,30.84643819,55837.03334,24.80909856,5.851721747,1.303124666,21.7849576,2.097832056,2.153172276,1.225087367,1.21317097,66.32722081,86.48054705,99.27044322,65.37940256,68.29175151,125.663097,118.9798512,90.7796806,0.781771074
1.947004754,19.99814184,30.84643819,53856.46921,24.85250947,5.982984747,1.300050936,23.2723216,2.091630925,2.147499273,1.241523954,1.227373951,68.8755319,88.26263002,95.84331266,77.70560548,85.44850041,118.1516449,88.20865901,82.91571,2.86675764
1.947004754,19.99814184,30.84643819,54692.94347,23.07955004,5.734080533,1.309739293,22.867636,2.094947199,2.150667396,1.244284173,1.2333569,71.607805,82.52840128,104.4587545,99.08287689,101.6236672,109.9115046,74.79212385,68.23938745,2.305509367
1.945784469,19.89293582,30.90518621,55022.89043,22.82398977,5.261251104,1.302420145,25.139738,2.093800492,2.149146181,1.244130953,1.232233209,70.63508892,86.70018245,106.2868873,112.3661752,112.2176011,104.7567932,63.91766853,62.36524404,3.9929183
1.941439252,19.90961215,30.84510748,53721.86315,21.21098128,5.204230151,1.300767372,22.1532802,2.093400503,2.149159888,1.287396405,1.273948819,69.53106804,79.84239889,83.96043481,93.39506534,97.81277744,122.1152343,75.24197191,72.03794211,3.5646164
1.943210672,19.60688592,32.01140754,49821.72135,21.34586352,4.514524414,1.29881278,30.55313327,2.096608962,2.152113083,1.292038351,1.286865778,69.62076109,86.42151506,55.62804428,84.08729069,117.5473646,171.9408622,40.5245395,30.91217714,16.010673
1.943468261,19.39601196,32.63076357,49943.51257,21.74760366,4.716085072,1.303204634,29.10330447,2.097512017,2.152846023,1.318100888,1.314056648,70.98792166,88.58374254,53.15706783,89.84361946,122.7453013,157.682891,42.99993369,34.83016459,19.717361
1.94311215,19.30115421,32.81819626,50062.81079,23.45657623,5.006885314,1.296656359,23.9245098,2.097040764,2.152279993,1.258474491,1.253920986,65.60148548,80.22904311,52.08325579,78.94042649,122.5949844,137.2026877,62.51249717,48.88256297,20.90778187
1.943214953,19.09009813,33.42283645,49486.66734,24.34430629,4.960759898,1.297576886,24.43124593,2.095448467,2.151356631,1.270179494,1.261230869,63.98792099,85.47693419,54.34632225,78.61706504,123.5146852,137.6198639,56.88823379,45.93100625,22.4371986
1.943149533,18.93646729,33.82710748,50063.7856,24.16977117,5.320945303,1.300511443,24.93798207,2.094999743,2.151070077,1.330174529,1.31588838,64.43137743,89.14822883,54.05298789,84.23806234,118.2709083,132.3561586,57.82263551,55.7969036,22.46072333
1.944403927,18.75943899,34.53834035,50422.8532,25.57911543,6.304273817,1.292453043,25.4447182,2.08478039,2.14108098,1.27061169,1.257720673,65.67502087,73.87269693,51.72683933,92.47352427,132.9597873,135.3654603,43.52346397,49.57182553,24.30142293
1.898867925,13.55533364,38.38581224,49600.81924,25.57405046,5.351779401,1.308412979,25.95145433,2.077804489,2.13423974,1.281700296,1.265907775,66.31471177,86.92538903,47.18900417,83.02608769,127.6714541,148.839093,49.74613424,40.35189458,21.737707
1.897960711,13.37470065,38.68163704,47612.53521,24.05560375,5.016359643,1.283831511,28.29393487,2.07667482,2.132363289,1.232549846,1.221108773,66.310616,79.87447904,44.58335018,82.33924306,121.8947062,150.8272093,41.10723777,35.84649836,19.858948
1.897857811,13.22616464,39.065145,47109.74033,24.57575746,5.267854809,1.303063091,27.22650467,2.076894628,2.132917922,1.227660423,1.218384477,64.70293177,82.66409182,34.86904358,77.78910098,120.5698839,155.4432934,50.88649968,30.20858406,18.99008847
1.898217127,13.09294338,39.44643893,47003.67655,23.5217392,5.795586857,1.304321384,29.95021007,2.092802523,2.148708663,1.270948713,1.253859863,68.8056872,87.0282835,46.52237783,69.91100802,112.3078128,143.3187011,61.75449657,37.3390848,19.814682
1.897650912,13.14817501,39.13265325,46420.40048,23.27890931,5.404168819,1.297200792,28.4475986,2.083176334,2.140386145,1.192586532,1.183082249,68.00056302,82.69508274,48.59535431,65.72922585,111.6707444,139.5851593,57.42758271,42.72302316,13.9320345
1.898404305,13.33329434,38.64725316,51843.85193,25.80162698,5.481381249,1.295602961,25.29105433,2.05210054,2.107902498,1.261360215,1.25979767,65.13582764,82.08146293,49.37618678,67.71306832,118.9643119,137.7648343,92.1281962,53.18073412,14.77316
1.896911558,13.35522227,38.25182967,48316.67892,25.38172203,5.785447664,1.300055829,22.9462274,1.97847902,2.035876001,1.198360961,1.193402375,65.12654111,78.63269704,46.87281334,57.00438373,91.16933037,142.1806596,95.35519579,51.33291403,14.9371574
1.89878391,13.65855472,37.61052853,47391.00207,24.49201675,5.272125133,1.29931871,21.74390213,1.976909258,2.034196907,1.17184174,1.167604092,66.310616,78.18579003,46.64591306,54.97696995,96.24230921,143.1377188,78.79926607,55.21715,11.39636687
1.898540009,13.80085166,37.05912494,47103.26625,26.48121174,5.343923613,1.297056715,23.21719027,1.972224499,2.028965276,1.169972151,1.165817988,66.17724851,83.6659009,49.67502303,55.4627904,96.6851886,140.5440199,77.16281693,52.88830329,6.9190617
1.897960711,13.86247895,36.72269878,47632.09442,25.54342743,5.025927497,1.294817493,22.14976027,1.972022377,2.028816644,1.143834547,1.134101288,67.5107786,79.39760771,49.80294086,56.76940864,107.3738745,113.0364762,101.3575431,49.44953886,5.981677
1.898115061,13.94587933,36.47980355,49327.2545,24.55484011,5.140386608,1.287687699,23.16440533,1.97269413,2.029335007,1.136670067,1.11399407,71.21114761,80.82678337,53.76170432,73.77261688,112.7847992,136.2691643,73.78958708,44.96254796,0.451247504
1.941613658,18.06432647,31.39220767,51047.38999,25.22027211,6.05276225,1.302831745,22.0582664,1.990205269,2.04707323,1.174311555,1.151375194,67.35706319,74.9235347,49.41014507,65.94778604,116.1358143,153.0632116,81.69770947,45.11076548,-2.6166468
1.938217127,17.86332709,31.38130557,50103.93127,24.01772492,5.00883342,1.300500963,23.9585264,1.996792193,2.052833334,1.202631224,1.183256115,69.19887478,75.07945119,51.18036978,68.43169117,105.6305145,126.6546778,106.7258651,43.9879479,-8.079379
1.938079226,17.81592814,31.58495624,51155.58096,24.71706122,4.731015354,1.303125354,23.0822956,1.990974883,2.047092154,1.15934855,1.133001639,66.62405712,78.62525284,95.57150152,67.68417048,64.7255864,115.7128389,85.93766332,92.02907039,-4.7888015
1.935900507,17.66321511,31.65274988,52097.18,26.53359423,5.88749579,1.289868484,22.47585407,1.993511806,2.049475987,1.200471339,1.179647505,66.62230883,75.54444966,93.54044271,66.56749552,64.91222827,119.2468602,90.84892429,95.5080676,2.5900667
1.932081384,17.49760524,31.39737605,52733.60965,26.09596492,5.827969985,1.300197955,24.21072207,1.996060124,2.051415264,1.200104558,1.182456419,65.33402,74.02328338,92.74384403,69.32956157,90.18771982,117.1621259,77.33607428,89.85459802,2.64746848
1.930949486,17.45922357,31.30492049,51670.61575,24.05182055,5.230508827,1.297280931,22.98141807,1.991074222,2.046726098,1.155775216,1.134190655,68.00480188,73.67922273,85.13490056,84.7762989,91.12912471,114.09024,85.52615966,63.94129242,8.701692
1.963467478,19.87172672,33.331343,50863.97584,22.6598917,4.343786189,1.300508078,23.36850773,1.996033341,2.051814799,1.194251036,1.161786566,65.33142012,73.4791073,78.42238337,78.66277662,92.07734058,138.5720917,74.38108358,53.23352653,13.21499287
1.962540945,19.83842302,33.24970519,49499.64425,20.15371271,3.875755483,1.300454436,26.14382593,1.996890891,2.052731041,1.190264692,1.161573911,68.01033665,74.06783989,81.40062056,75.42357603,98.59886237,146.2075869,60.73833171,40.28788809,17.564392
1.960944265,19.63771073,33.60468448,51197.19608,11.43044306,3.010445036,1.24211028,31.9431374,1.906649288,1.962910369,1.107754393,1.109362899,70.41259232,68.63120898,69.75037683,81.81157867,103.4642099,149.1583888,72.42221801,40.65309613,17.55076367
1.957905028,19.49807728,33.47174581,50894.71698,17.41678555,2.908202425,1.204062423,23.93858528,1.766089826,1.823988191,0.949897492,0.953865747,69.84244807,72.72963373,64.94570848,87.91032479,104.9393876,145.6957746,67.35063995,42.15049742,12.80883953
1.953807297,19.22063143,33.58786249,46711.14406,16.97597623,2.925741424,1.199282965,15.93403315,1.756973954,1.816376214,0.947726203,0.939503167,62.47134969,71.59586159,67.3483267,86.98830269,88.50234162,127.2510448,61.03595033,41.18227777,6.136890473
1.953570426,19.21620496,33.56866168,41236.23729,19.38581838,3.161684113,1.195588048,22.82540867,1.759134456,1.81817642,0.921548011,0.901143571,66.8716467,69.15427656,59.20584488,67.39197122,74.99544023,112.0298495,57.32216315,46.00485375,2.622471167
1.949953205,18.92814693,33.80172672,38261.64647,18.65749884,3.203869997,1.197413411,21.302854,1.758801811,1.817596163,1.035994846,1.008205832,66.8625054,70.06984032,49.44100875,50.72198212,60.47533225,125.868128,52.95060044,46.34866156,0.69040114
1.947533926,18.76790828,33.85973795,35318.311,16.97105934,3.29238551,1.193381634,21.57733633,1.761358846,1.81943665,1.01501398,0.979965165,66.87192794,72.91030186,37.02189086,38.71781573,51.50100219,125.7301543,57.04248502,44.43065461,1.786427793
1.946333022,18.72557998,33.76708606,35136.55951,19.7056231,3.668492328,1.206084285,20.36797313,1.760704306,1.819208156,1.010370908,0.972040346,66.872154,74.24905442,39.04426959,37.75117406,50.82137104,115.3486818,58.31897394,51.82203626,-3.396463653
1.946127222,18.72048644,33.75623012,33931.93542,18.3519363,3.792779562,1.202243308,21.49991847,1.749672171,1.808818423,0.959058236,0.921055864,67.86547398,77.68942174,41.67150581,40.99078981,53.92640155,113.673114,52.83565058,38.73035761,-14.16198993
1.945201123,18.68719832,33.6746305,35186.4446,17.2786042,3.489333096,1.203476652,20.5404042,1.741956307,1.801222547,0.983658109,0.945710526,69.05135664,74.1306532,40.71230869,36.17534006,49.07923652,122.6576323,57.73205899,47.40057099,-15.49245667
1.944033692,18.64921853,33.57383248,35440.98453,15.88134052,3.824648651,1.195329683,19.42722693,1.73620395,1.796474213,0.997735631,0.959456589,68.13856542,74.45335115,55.60986584,34.93563853,43.60115522,118.4243667,58.00852847,48.70453561,-12.4333048
1.94310716,18.61591483,33.49219467,35788.15344,15.98178092,3.903293212,1.199100844,20.732776,1.73424125,1.79393494,0.994515645,0.9499524,68.13435611,76.30891291,61.22276276,39.8844128,48.54429723,98.46941921,62.20490836,53.4778118,-10.579172
1.94310716,18.61591483,33.49219467,35948.4167,14.514632,3.76211378,1.202902009,19.70640067,1.73311801,1.793421599,1.007159647,0.960891706,67.06104185,69.55694088,41.80678955,40.58285662,45.21528457,101.0220884,76.40839435,56.50807207,-33.85777807
1.942114125,18.57875117,33.41057063,35426.61686,14.82284927,3.72233397,1.1976075,18.74571407,1.730409342,1.790158793,0.970234352,0.924094294,69.38689,65.12119617,43.98728877,39.78906426,46.27049445,82.99597774,85.32767618,58.43456879,-25.3241796
1.941169864,18.54627983,33.32149743,36396.54886,16.78644311,3.863224743,1.19919088,21.85299153,1.729010049,1.788720113,0.994560015,0.947294537,70.34223528,76.27870781,63.77802793,50.4884325,56.73644014,72.22912415,69.71876563,57.47940463,-16.730135
1.940982226,18.5403695,33.31811506,36469.3587,19.1542249,4.081375107,1.199833185,21.1726514,1.735146832,1.794967589,0.974792843,0.942565298,71.44258885,73.44680451,65.62700244,63.42175772,65.78976786,66.4815204,58.21959514,51.78832795,-16.431587
1.940460617,18.476117,33.46999539,35424.80228,15.391996,3.473367722,1.20622371,24.3456172,1.748268486,1.807218692,0.971886208,0.954530549,70.06381524,77.06582207,78.97363659,53.24408156,51.13614171,71.15474631,55.39566053,53.92731135,-7.33032808
1.939345924,18.43831875,33.37894519,34811.64699,17.72856551,3.920291502,1.202775963,21.28995107,1.754374953,1.81358383,0.958862672,0.947153002,70.070496,77.58400689,72.94861396,63.23057735,61.45218835,69.35975547,44.41324776,45.31907214,-6.6628985
1.925474419,15.3542093,41.1690093,34262.668,16.76618235,3.800457289,1.199933907,22.18612327,1.74739743,1.806061638,0.947066243,0.935440143,67.09189,73.05898548,74.06924183,60.60790999,69.73270657,75.98501162,35.58009008,35.36849506,-12.8005878
1.918805081,17.69086939,32.6696189,34320.04882,17.41145014,3.807072625,1.196316908,21.00022013,1.756302737,1.815810636,0.940586888,0.933896377,69.50007026,73.41976966,58.02371805,46.17075682,56.09152137,94.02270913,55.19781092,39.30698361,-4.453104
1.917844383,17.65829297,32.59114728,32742.50259,15.89472945,3.714792628,1.198483626,21.91750607,1.75723609,1.816554094,0.895894275,0.891643475,69.49026426,71.4115265,37.58809287,42.1797569,48.51437529,143.332248,32.79417964,24.76113043,-5.47617764
1.917724246,17.61471994,32.73624363,33594.84285,17.77937697,4.065774682,1.196616994,21.72748053,1.756300771,1.816018484,0.913688423,0.896063377,69.4884704,72.06426545,31.68668392,44.69056457,46.57675329,144.5101522,38.93665787,30.05920203,-4.110592147
1.916776342,17.58257736,32.65881708,33474.32255,17.32309383,3.726765764,1.195787604,21.95856107,1.757899897,1.817154749,0.940786921,0.914954479,65.163124,73.88590282,36.42306747,41.15413974,45.77000132,147.4532847,43.35484784,21.90739562,-7.2626054
1.91537337,17.55870407,32.43897274,32798.0478,13.43189693,3.213018375,1.202729585,22.55561867,1.753460178,1.813499596,0.925382649,0.893957073,65.79232674,72.3616893,27.97338683,32.74526938,51.61743053,150.6589269,32.51227765,32.36352531,-9.8243922
1.914422925,17.52214229,32.37204348,33587.90192,17.71709202,3.730822033,1.202816285,20.77969633,1.758694513,1.817673699,0.92835562,0.891131757,67.0963579,73.4414842,32.72368991,36.52368026,49.72794947,144.2110739,41.45002173,31.92650283,-12.7895658
1.912172359,17.46001191,32.13352661,32566.35526,16.55229473,3.413485611,1.203037601,21.44361413,1.757576676,1.816479163,0.931035475,0.883355048,68.99625,75.34295045,43.57174713,35.85448327,47.14690529,129.7303461,41.58469845,30.83890632,-20.458204
1.911341802,17.42892815,32.06478761,33399.81966,15.54587248,3.154791512,1.195898233,20.86767107,1.759596714,1.818100553,0.933697078,0.878843272,68.71070645,73.5484378,45.94230678,35.2461891,48.70557679,102.8694066,59.74780493,44.73840455,-24.316105
1.910381104,17.39635173,31.986316,33943.77682,14.66173978,3.035551494,1.158289352,22.44652927,1.751361077,1.81015855,0.916109791,0.860493684,71.74556091,74.18339894,77.88704256,38.28357712,44.27604677,88.26077072,60.10710426,40.25397624,-26.02601513
1.909420405,17.36377531,31.90784438,34735.23674,16.74241872,3.205253726,1.20274223,22.1720472,1.753939228,1.813476417,0.93886089,0.885002336,66.64286764,78.449557,81.06168446,29.70937703,28.8275654,104.600232,53.62725342,59.72016123,-22.2256374
1.908415409,17.33101668,31.82159651,34786.19258,16.58226049,2.94393266,1.196259242,21.7427288,1.755862763,1.814957432,0.926683714,0.903741667,66.64460181,74.37158938,67.82728963,38.78922244,30.29995763,112.612119,60.97617836,44.8952872,-22.072199
1.908240667,17.32669182,31.81237887,33782.88122,16.3616219,2.759550181,1.202986912,21.9046032,1.753501968,1.812326893,0.876443049,0.867442407,66.64171947,75.14392265,36.9401275,35.26887904,29.31185622,134.7868699,59.898233,43.14691416,-17.44117
1.908240667,17.32669182,31.81237887,33087.90849,16.60292162,2.870291476,1.194086188,21.05417813,1.75413366,1.812905161,0.850547345,0.838553373,66.6453487,75.12009459,42.46156689,25.2371024,29.11473605,146.4411627,50.36988248,40.02279337,-15.81677947
1.907236999,17.29133783,31.73455339,33852.96354,17.0153271,2.78044915,1.199666184,21.69111733,1.747112639,1.803250705,0.978496413,0.954204297,66.78290244,75.4324307,33.11703034,31.20850378,42.19982955,145.024447,58.14134928,29.55639453,-13.49334997
1.907037331,17.28601668,31.72553217,33210.94856,17.15825577,2.641617136,1.207098926,22.58025133,1.740551423,1.798220546,0.898088814,0.900618979,65.2130747,66.31948715,41.38016052,28.68296467,51.61920728,130.3257089,50.52486853,32.01256759,-9.173918033
1.906846704,17.28129865,31.71547657,33438.82502,17.70422628,2.808111227,1.203687275,20.39260607,1.738180353,1.796709869,0.876645561,0.876733543,61.159092,66.81529964,35.48945246,38.73926112,51.28847241,124.2896265,50.61211613,35.30271213,-6.7834764
1.906846704,17.28129865,31.71547657,33244.9742,15.65953105,2.693044483,1.201465951,22.2119294,1.746810509,1.804361848,0.857710752,0.861091702,67.27364556,73.5076561,36.18017513,50.9813546,58.79314114,118.7275432,39.34867399,30.02174195,-9.349019
1.907648903,17.27061912,31.94065831,34000.48921,17.49948157,2.921762114,1.199508779,20.82661613,1.759049907,1.817400226,0.902033074,0.908636699,67.26892442,73.99795196,43.97159674,50.69486466,66.47718684,112.3246022,38.18264509,31.10721302,-9.729122
1.907476489,17.26635188,31.93156348,33074.05,13.54719877,2.603756205,1.199587774,22.684648,1.758361584,1.816347428,0.836291517,0.842583129,67.09189,74.93716773,52.29732097,47.87141198,61.42604934,107.3869467,38.63663392,27.7509325,-10.57806647
1.90796664,17.32742256,31.83269261,33591.98509,17.18415951,3.081193537,1.203408099,22.0758606,1.75934268,1.817447572,0.87962134,0.887359669,67.09189,74.301816,38.46913364,40.57810774,47.81116879,130.5166776,41.05315015,39.46735007,-9.9429125
1.907747318,17.3229122,31.81569329,33236.76502,17.41144727,2.82742989,1.186820449,22.3996094,1.761025367,1.818709303,0.877205634,0.890318472,67.09189,75.82496873,33.85438193,33.87548441,45.86744875,137.0237518,43.81660504,38.76114473,-10.83262347
1.907747318,17.3229122,31.81569329,34047.94498,16.59926519,2.782829928,1.195839138,21.88818133,1.759518766,1.817843645,0.878555335,0.892605366,67.09189,75.41354115,33.77673497,31.40965006,37.72064741,126.5011796,60.02795027,51.72530346,-5.787373787
1.906138769,17.225441,31.82824383,33681.68909,17.59039413,3.05603512,1.202473771,23.26880267,1.761388563,1.819404348,0.851665927,0.85304262,66.33793339,76.48417061,33.70706182,29.62021669,41.50624844,119.5125272,66.06324245,47.19629681,-4.8766775
1.905190122,17.19327323,31.75075657,33375.94913,14.72809516,2.889663953,1.199622138,21.00256613,1.746436604,1.804708022,0.867773994,0.853074981,68.62673706,75.80240381,35.87498865,38.1477695,51.13039757,117.1501111,51.43996862,41.36188178,-7.9837046
1.892899297,16.75580328,31.6216534,33589.85984,15.44639454,3.342411467,1.202429941,19.9609418,1.74244222,1.800572673,0.858044849,0.877762714,60.402233,72.31312379,41.84678632,41.89348473,44.0675651,123.4216972,44.76590616,42.42634739,-10.10156733
1.892899297,16.75580328,31.6216534,33818.02376,13.39362308,3.348477709,1.201390543,23.45648253,1.707333884,1.765438868,0.874822684,0.857985091,62.73296835,69.33145406,43.93090225,37.91713382,43.53591492,121.1675019,52.55221685,41.95206524,-7.354614253
1.890838407,16.68403279,31.44735363,32359.00907,14.11159011,3.325668613,1.201612392,22.21779453,1.67816674,1.734751431,0.860824665,0.824082147,66.64823356,64.66820423,43.57866208,32.46148369,40.50815927,109.4125086,54.1509313,46.58547489,-8.51198586
1.889662921,16.64264045,31.35574438,32266.41972,14.28166691,3.464323425,1.199375343,22.8723284,1.664477443,1.721482242,0.853015047,0.811178231,71.63559097,63.50591371,36.42522624,29.99804909,36.34039923,121.8493884,55.5429374,44.08947622,-7.651
1.888056471,16.60320941,31.16983529,32337.68444,15.58041841,4.212687456,1.193420115,22.09580213,1.660624535,1.718508741,0.822466946,0.773600618,69.28490701,72.32900446,27.59956309,34.9588839,36.76356027,145.6725097,40.59521653,37.60302582,-8.59723572
1.887787194,16.59752354,31.14937853,33704.04086,14.41397275,4.402509672,1.199300187,21.9749836,1.67104591,1.729520655,0.856294204,0.800673622,69.27184633,72.37304646,36.23244309,37.93313886,58.30099655,128.0533187,44.53330388,33.21039409,-12.0596244
1.886854991,16.56401601,31.06724105,34960.31749,10.53010829,5.297808186,1.1692756,25.18665733,1.670237686,1.728465038,0.85496264,0.790264692,69.26481,70.09840051,33.67641642,40.82323759,48.05260447,133.5832295,48.94833059,45.01896758,-11.973532
1.884202556,16.48720776,30.78870327,40566.55532,9.685576151,8.207509989,1.001805848,23.01191593,1.676278996,1.733921473,0.897565866,0.830890618,69.26944667,70.00831922,50.20616848,53.16578307,55.18031164,148.752478,49.56034192,51.78177024,-0.093778569
1.884039735,16.48220435,30.78648061,44160.33169,11.34898895,8.27508994,0.995695853,23.9690838,1.672831931,1.731062911,0.904395189,0.845536297,67.38383345,67.37721749,69.02678812,65.22551444,68.10701068,116.8078766,67.5965246,60.88900593,1.119240178
1.882894986,16.44338694,30.6929754,44966.96946,11.71804547,7.291575435,0.996027156,22.25884887,1.671128722,1.729226049,0.912473457,0.850396797,68.43471,67.8196065,72.35782584,72.91114514,72.18859074,110.7303621,60.4598407,67.62555557,4.533726
1.884020951,18.18205882,26.43286463,47099.00333,10.32442856,8.353571908,0.995759778,24.1755314,1.636577842,1.693634644,0.879852716,0.814857649,68.43471,68.2638279,80.36321159,81.28580624,77.9297455,113.940585,62.20966792,63.070883,5.3298087
1.884182111,18.38900081,25.74476632,49462.40044,10.00686666,7.945282474,1.001697568,22.76441293,1.552614916,1.608854829,0.844348946,0.773021391,67.880208,69.58737873,113.7206898,88.48191264,86.47062336,100.758807,61.12319451,58.13069991,8.43936656
1.883926702,18.57691502,25.05951269,48999.74539,12.82740026,8.027381709,0.999703738,19.20787613,1.541671088,1.595609405,0.833374023,0.759493799,72.71848868,72.99181879,117.2144743,98.20843623,96.97701431,82.01582376,53.63335571,56.66689557,4.399514733
1.882866267,18.62965269,24.64011178,50509.92389,12.12112829,8.975179578,1.001929294,21.9116414,1.54534879,1.598802865,0.829911968,0.766858574,69.50847881,70.33944417,118.1421354,113.1610054,82.821665,80.55750294,59.62217305,65.45249264,5.036674773
1.8847411,18.97221278,23.89208738,45327.52523,13.04278491,8.182636679,1.002098043,21.7661892,1.545337172,1.598946514,0.806041885,0.755357783,69.72304186,69.96358448,115.8798192,86.46569015,77.83752334,80.31160042,53.18129495,54.77773743,0.538940845
1.885876373,19.24166734,23.2204758,44443.2805,11.30906522,9.456974304,0.995704158,24.3444432,1.548196289,1.60212427,0.845938204,0.767790302,70.70951394,69.95545074,103.2861254,67.64778977,65.04145755,108.8530094,53.16293585,59.24181229,2.499035173
1.886703252,19.47397154,22.59830894,40605.11755,10.36677397,7.733879422,1.007160401,22.6905134,1.543165938,1.59620074,0.836411928,0.75414978,67.66830058,66.07788892,91.01475999,53.63450809,66.87826117,121.5591609,47.9384749,36.18343389,-0.901304721
1.888199919,19.66255181,22.25855343,44325.82818,11.83106974,9.663754576,0.997577292,20.236597,1.546466569,1.599805188,0.852960617,0.778235556,69.28154998,72.28002234,98.46594016,61.43278954,68.76761617,125.9707233,53.77348249,46.73630073,-3.1544013
1.888276279,19.80585179,21.75184052,41383.0332,13.66674387,8.08646809,0.995919954,21.72630727,1.545021076,1.598321794,0.845490873,0.786911564,69.27995637,66.37554244,103.8914318,51.41109228,76.51614217,103.7384501,46.97138467,44.84222421,-0.551779065
1.909768197,21.81503477,18.85794159,51896.52393,3.085245348,18.94784041,1.163680823,20.339823,0.912788891,0.964338727,0.180620988,0.249652946,63.41017549,63.2934748,101.2767516,69.8387396,89.24450271,130.7970482,72.9513235,66.03780321,-1.733649717
